subject	f0	VOT	Response_100	pred
13739828	1	1	2.33333333333333	12.6423160099965
13739828	1	1	2.33333333333333	12.6423160099965
13739828	1	1	2.33333333333333	12.6423160099965
13739828	2	1	33	12.760729769844
13739828	2	1	33	12.760729769844
13739828	2	1	33	12.760729769844
13739828	3	1	0	12.9001014768032
13739828	3	1	0	12.9001014768032
13739828	3	1	0	12.9001014768032
13739828	4	1	32.6666666666667	13.0640539139364
13739828	4	1	32.6666666666667	13.0640539139364
13739828	4	1	32.6666666666667	13.0640539139364
13739828	5	1	32.3333333333333	13.2568026481185
13739828	5	1	32.3333333333333	13.2568026481185
13739828	5	1	32.3333333333333	13.2568026481185
13739828	6	1	2	13.4832400993922
13739828	6	1	2	13.4832400993922
13739828	6	1	2	13.4832400993922
13739828	7	1	33.3333333333333	13.7490264514177
13739828	7	1	33.3333333333333	13.7490264514177
13739828	7	1	33.3333333333333	13.7490264514177
13739828	8	1	31	14.0606857764747
13739828	8	1	31	14.0606857764747
13739828	8	1	31	14.0606857764747
13739828	9	1	33.3333333333333	14.4257045761168
13739828	9	1	33.3333333333333	14.4257045761168
13739828	9	1	33.3333333333333	14.4257045761168
13739828	1	2	0	13.9128758916552
13739828	1	2	0	13.9128758916552
13739828	1	2	0	13.9128758916552
13739828	2	2	0	14.2526459600574
13739828	2	2	0	14.2526459600574
13739828	2	2	0	14.2526459600574
13739828	3	2	0	14.6502993427601
13739828	3	2	0	14.6502993427601
13739828	3	2	0	14.6502993427601
13739828	4	2	1.66666666666667	15.114997169343
13739828	4	2	1.66666666666667	15.114997169343
13739828	4	2	1.66666666666667	15.114997169343
13739828	5	2	1.33333333333333	15.6570890430121
13739828	5	2	1.33333333333333	15.6570890430121
13739828	5	2	1.33333333333333	15.6570890430121
13739828	6	2	0.333333333333333	16.288168998065
13739828	6	2	0.333333333333333	16.288168998065
13739828	6	2	0.333333333333333	16.288168998065
13739828	7	2	1	17.0210931905015
13739828	7	2	1	17.0210931905015
13739828	7	2	1	17.0210931905015
13739828	8	2	0	17.86994097568
13739828	8	2	0	17.86994097568
13739828	8	2	0	17.86994097568
13739828	9	2	66.6666666666667	18.8498969432941
13739828	9	2	66.6666666666667	18.8498969432941
13739828	9	2	66.6666666666667	18.8498969432941
13739828	1	3	0.666666666666667	17.4687700137811
13739828	1	3	0.666666666666667	17.4687700137811
13739828	1	3	0.666666666666667	17.4687700137811
13739828	2	3	24.3333333333333	18.3871838103372
13739828	2	3	24.3333333333333	18.3871838103372
13739828	2	3	24.3333333333333	18.3871838103372
13739828	3	3	0	19.4453791798631
13739828	3	3	0	19.4453791798631
13739828	3	3	0	19.4453791798631
13739828	4	3	0	20.6597635796943
13739828	4	3	0	20.6597635796943
13739828	4	3	0	20.6597635796943
13739828	5	3	33.3333333333333	22.0470098146456
13739828	5	3	33.3333333333333	22.0470098146456
13739828	5	3	33.3333333333333	22.0470098146456
13739828	6	3	33.3333333333333	23.6234410739651
13739828	6	3	33.3333333333333	23.6234410739651
13739828	6	3	33.3333333333333	23.6234410739651
13739828	7	3	33.3333333333333	25.404224797646
13739828	7	3	33.3333333333333	25.404224797646
13739828	7	3	33.3333333333333	25.404224797646
13739828	8	3	5	27.402374211843
13739828	8	3	5	27.402374211843
13739828	8	3	5	27.402374211843
13739828	9	3	0	29.6275810377241
13739828	9	3	0	29.6275810377241
13739828	9	3	0	29.6275810377241
13739828	1	4	33.3333333333333	26.4664339523445
13739828	1	4	33.3333333333333	26.4664339523445
13739828	1	4	33.3333333333333	26.4664339523445
13739828	2	4	100	28.5874909644341
13739828	2	4	100	28.5874909644341
13739828	2	4	100	28.5874909644341
13739828	3	4	33.6666666666667	30.9390362815129
13739828	3	4	33.6666666666667	30.9390362815129
13739828	3	4	33.6666666666667	30.9390362815129
13739828	4	4	1.33333333333333	33.5231014139967
13739828	4	4	1.33333333333333	33.5231014139967
13739828	4	4	1.33333333333333	33.5231014139967
13739828	5	4	66.6666666666667	36.3351558603117
13739828	5	4	66.6666666666667	36.3351558603117
13739828	5	4	66.6666666666667	36.3351558603117
13739828	6	4	66.6666666666667	39.3630656785557
13739828	6	4	66.6666666666667	39.3630656785557
13739828	6	4	66.6666666666667	39.3630656785557
13739828	7	4	33.6666666666667	42.58643386275
13739828	7	4	33.6666666666667	42.58643386275
13739828	7	4	33.6666666666667	42.58643386275
13739828	8	4	66.6666666666667	45.9764902009561
13739828	8	4	66.6666666666667	45.9764902009561
13739828	8	4	66.6666666666667	45.9764902009561
13739828	9	4	66.6666666666667	49.4966562199761
13739828	9	4	66.6666666666667	49.4966562199761
13739828	9	4	66.6666666666667	49.4966562199761
13739828	1	5	1.66666666666667	44.417001320391
13739828	1	5	1.66666666666667	44.417001320391
13739828	1	5	1.66666666666667	44.417001320391
13739828	2	5	32.6666666666667	47.8830137027887
13739828	2	5	32.6666666666667	47.8830137027887
13739828	2	5	32.6666666666667	47.8830137027887
13739828	3	5	66.6666666666667	51.4563253682542
13739828	3	5	66.6666666666667	51.4563253682542
13739828	3	5	66.6666666666667	51.4563253682542
13739828	4	5	66.6666666666667	55.0910658081427
13739828	4	5	66.6666666666667	55.0910658081427
13739828	4	5	66.6666666666667	55.0910658081427
13739828	5	5	33.6666666666667	58.7380841240204
13739828	5	5	33.6666666666667	58.7380841240204
13739828	5	5	33.6666666666667	58.7380841240204
13739828	6	5	33.3333333333333	62.3475637982711
13739828	6	5	33.3333333333333	62.3475637982711
13739828	6	5	33.3333333333333	62.3475637982711
13739828	7	5	66.6666666666667	65.8717129545127
13739828	7	5	66.6666666666667	65.8717129545127
13739828	7	5	66.6666666666667	65.8717129545127
13739828	8	5	66.6666666666667	69.2672265583844
13739828	8	5	66.6666666666667	69.2672265583844
13739828	8	5	66.6666666666667	69.2672265583844
13739828	9	5	66	72.4972601247899
13739828	9	5	66	72.4972601247899
13739828	9	5	66	72.4972601247899
13739828	1	6	65	67.7422232048082
13739828	1	6	65	67.7422232048082
13739828	1	6	65	67.7422232048082
13739828	2	6	66.6666666666667	71.0515707935246
13739828	2	6	66.6666666666667	71.0515707935246
13739828	2	6	66.6666666666667	71.0515707935246
13739828	3	6	100	74.1785639363978
13739828	3	6	100	74.1785639363978
13739828	3	6	100	74.1785639363978
13739828	4	6	52	77.0986667156238
13739828	4	6	52	77.0986667156238
13739828	4	6	52	77.0986667156238
13739828	5	6	100	79.7957382751134
13739828	5	6	100	79.7957382751134
13739828	5	6	100	79.7957382751134
13739828	6	6	100	82.2616238749309
13739828	6	6	100	82.2616238749309
13739828	6	6	100	82.2616238749309
13739828	7	6	59.6666666666667	84.4952788798275
13739828	7	6	59.6666666666667	84.4952788798275
13739828	7	6	59.6666666666667	84.4952788798275
13739828	8	6	66.6666666666667	86.5016007505375
13739828	8	6	66.6666666666667	86.5016007505375
13739828	8	6	66.6666666666667	86.5016007505375
13739828	9	6	97	88.2901356476525
13739828	9	6	97	88.2901356476525
13739828	9	6	97	88.2901356476525
13739828	1	7	96.6666666666667	85.6172675589916
13739828	1	7	96.6666666666667	85.6172675589916
13739828	1	7	96.6666666666667	85.6172675589916
13739828	2	7	100	87.5033728949541
13739828	2	7	100	87.5033728949541
13739828	2	7	100	87.5033728949541
13739828	3	7	100	89.1783954183698
13739828	3	7	100	89.1783954183698
13739828	3	7	100	89.1783954183698
13739828	4	7	99.3333333333333	90.656580571381
13739828	4	7	99.3333333333333	90.656580571381
13739828	4	7	99.3333333333333	90.656580571381
13739828	5	7	99	91.9537967349595
13739828	5	7	99	91.9537967349595
13739828	5	7	99	91.9537967349595
13739828	6	7	100	93.0866334484062
13739828	6	7	100	93.0866334484062
13739828	6	7	100	93.0866334484062
13739828	7	7	100	94.0716938812988
13739828	7	7	100	94.0716938812988
13739828	7	7	100	94.0716938812988
13739828	8	7	65.6666666666667	94.9250712767703
13739828	8	7	65.6666666666667	94.9250712767703
13739828	8	7	65.6666666666667	94.9250712767703
13739828	9	7	98.3333333333333	95.6619872114448
13739828	9	7	98.3333333333333	95.6619872114448
13739828	9	7	98.3333333333333	95.6619872114448
13739847	1	1	0.333333333333333	9.80315118290105
13739847	1	1	0.333333333333333	9.80315118290105
13739847	1	1	0.333333333333333	9.80315118290105
13739847	2	1	5	9.81089426010699
13739847	2	1	5	9.81089426010699
13739847	2	1	5	9.81089426010699
13739847	3	1	5.66666666666667	9.82593201231366
13739847	3	1	5.66666666666667	9.82593201231366
13739847	3	1	5.66666666666667	9.82593201231366
13739847	4	1	5.66666666666667	9.85512963419966
13739847	4	1	5.66666666666667	9.85512963419966
13739847	4	1	5.66666666666667	9.85512963419966
13739847	5	1	0	9.91179381551635
13739847	5	1	0	9.91179381551635
13739847	5	1	0	9.91179381551635
13739847	6	1	4.66666666666667	10.0216627895305
13739847	6	1	4.66666666666667	10.0216627895305
13739847	6	1	4.66666666666667	10.0216627895305
13739847	7	1	0	10.2343182632847
13739847	7	1	0	10.2343182632847
13739847	7	1	0	10.2343182632847
13739847	8	1	33.3333333333333	10.6445211240026
13739847	8	1	33.3333333333333	10.6445211240026
13739847	8	1	33.3333333333333	10.6445211240026
13739847	9	1	12.6666666666667	11.430609999044
13739847	9	1	12.6666666666667	11.430609999044
13739847	9	1	12.6666666666667	11.430609999044
13739847	1	2	25.6666666666667	9.86834563409203
13739847	1	2	25.6666666666667	9.86834563409203
13739847	1	2	25.6666666666667	9.86834563409203
13739847	2	2	6.66666666666667	9.93743075356244
13739847	2	2	6.66666666666667	9.93743075356244
13739847	2	2	6.66666666666667	9.93743075356244
13739847	3	2	6.66666666666667	10.0713282417199
13739847	3	2	6.66666666666667	10.0713282417199
13739847	3	2	6.66666666666667	10.0713282417199
13739847	4	2	7	10.3302856120976
13739847	4	2	7	10.3302856120976
13739847	4	2	7	10.3302856120976
13739847	5	2	26.6666666666667	10.8290360655835
13739847	5	2	26.6666666666667	10.8290360655835
13739847	5	2	26.6666666666667	10.8290360655835
13739847	6	2	0	11.7820002877144
13739847	6	2	0	11.7820002877144
13739847	7	2	6.66666666666667	13.5754093832557
13739847	7	2	6.66666666666667	13.5754093832557
13739847	7	2	6.66666666666667	13.5754093832557
13739847	8	2	9	16.8560685696601
13739847	8	2	9	16.8560685696601
13739847	8	2	9	16.8560685696601
13739847	9	2	0	22.5572232196602
13739847	9	2	0	22.5572232196602
13739847	9	2	0	22.5572232196602
13739847	1	3	0	10.4470591771708
13739847	1	3	0	10.4470591771708
13739847	1	3	0	10.4470591771708
13739847	2	3	3.33333333333333	11.0530523130699
13739847	2	3	3.33333333333333	11.0530523130699
13739847	2	3	3.33333333333333	11.0530523130699
13739847	3	3	25	12.2067949780466
13739847	3	3	25	12.2067949780466
13739847	3	3	25	12.2067949780466
13739847	4	3	33.3333333333333	14.3634654862947
13739847	4	3	33.3333333333333	14.3634654862947
13739847	4	3	33.3333333333333	14.3634654862947
13739847	5	3	28.3333333333333	18.2600488092596
13739847	5	3	28.3333333333333	18.2600488092596
13739847	5	3	28.3333333333333	18.2600488092596
13739847	6	3	89	24.8859606902793
13739847	6	3	89	24.8859606902793
13739847	7	3	53.6666666666667	35.0701777507394
13739847	7	3	53.6666666666667	35.0701777507394
13739847	7	3	53.6666666666667	35.0701777507394
13739847	8	3	33.6666666666667	48.5249338654922
13739847	8	3	33.6666666666667	48.5249338654922
13739847	8	3	33.6666666666667	48.5249338654922
13739847	9	3	49	63.1443307585232
13739847	9	3	49	63.1443307585232
13739847	9	3	49	63.1443307585232
13739847	1	4	0	15.3051714527558
13739847	1	4	0	15.3051714527558
13739847	1	4	0	15.3051714527558
13739847	2	4	50	19.9087222041248
13739847	2	4	50	19.9087222041248
13739847	3	4	25	27.5406933696151
13739847	3	4	25	27.5406933696151
13739847	3	4	25	27.5406933696151
13739847	4	4	44	38.8129160272727
13739847	4	4	44	38.8129160272727
13739847	4	4	44	38.8129160272727
13739847	5	4	33.3333333333333	52.9116500610602
13739847	5	4	33.3333333333333	52.9116500610602
13739847	5	4	33.3333333333333	52.9116500610602
13739847	6	4	83	67.2923799303543
13739847	6	4	83	67.2923799303543
13739847	7	4	91.6666666666667	79.210626767199
13739847	7	4	91.6666666666667	79.210626767199
13739847	7	4	91.6666666666667	79.210626767199
13739847	8	4	95	87.5023703360529
13739847	8	4	95	87.5023703360529
13739847	8	4	95	87.5023703360529
13739847	9	4	100	92.5937037992691
13739847	9	4	100	92.5937037992691
13739847	9	4	100	92.5937037992691
13739847	1	5	0	42.8225590055481
13739847	1	5	0	42.8225590055481
13739847	1	5	0	42.8225590055481
13739847	2	5	87.5	57.3252951554543
13739847	2	5	87.5	57.3252951554543
13739847	3	5	79.3333333333333	71.2071224908182
13739847	3	5	79.3333333333333	71.2071224908182
13739847	3	5	79.3333333333333	71.2071224908182
13739847	4	5	57	82.0740808211972
13739847	4	5	57	82.0740808211972
13739847	5	5	79	89.3178606388379
13739847	6	5	92.6666666666667	93.6436786681216
13739847	6	5	92.6666666666667	93.6436786681216
13739847	6	5	92.6666666666667	93.6436786681216
13739847	7	5	100	96.0592881418959
13739847	7	5	100	96.0592881418959
13739847	7	5	100	96.0592881418959
13739847	8	5	100	97.3578718221108
13739847	8	5	100	97.3578718221108
13739847	8	5	100	97.3578718221108
13739847	9	5	94	98.0417155974277
13739847	9	5	94	98.0417155974277
13739847	9	5	94	98.0417155974277
13739847	1	6	100	84.6040867722096
13739847	1	6	100	84.6040867722096
13739847	2	6	100	90.8708098436313
13739847	2	6	100	90.8708098436313
13739847	2	6	100	90.8708098436313
13739847	3	6	91.6666666666667	94.5245746603229
13739847	3	6	91.6666666666667	94.5245746603229
13739847	3	6	91.6666666666667	94.5245746603229
13739847	4	6	100	96.5368974535805
13739847	4	6	100	96.5368974535805
13739847	4	6	100	96.5368974535805
13739847	5	6	96.6666666666667	97.6105243036691
13739847	5	6	96.6666666666667	97.6105243036691
13739847	5	6	96.6666666666667	97.6105243036691
13739847	6	6	100	98.1736316201965
13739847	6	6	100	98.1736316201965
13739847	6	6	100	98.1736316201965
13739847	7	6	93.6666666666667	98.4663315077075
13739847	7	6	93.6666666666667	98.4663315077075
13739847	7	6	93.6666666666667	98.4663315077075
13739847	8	6	94.3333333333333	98.6177639830187
13739847	8	6	94.3333333333333	98.6177639830187
13739847	8	6	94.3333333333333	98.6177639830187
13739847	9	6	88.6666666666667	98.6959198350823
13739847	9	6	88.6666666666667	98.6959198350823
13739847	9	6	88.6666666666667	98.6959198350823
13739847	1	7	96	96.9324286369386
13739847	1	7	96	96.9324286369386
13739847	1	7	96	96.9324286369386
13739847	2	7	100	97.8187516159672
13739847	2	7	100	97.8187516159672
13739847	2	7	100	97.8187516159672
13739847	3	7	94.6666666666667	98.2820775105015
13739847	3	7	94.6666666666667	98.2820775105015
13739847	3	7	94.6666666666667	98.2820775105015
13739847	4	7	100	98.5224940650136
13739847	4	7	100	98.5224940650136
13739847	4	7	100	98.5224940650136
13739847	5	7	100	98.6467651336011
13739847	5	7	100	98.6467651336011
13739847	5	7	100	98.6467651336011
13739847	6	7	100	98.7108728887614
13739847	6	7	100	98.7108728887614
13739847	6	7	100	98.7108728887614
13739847	7	7	100	98.743910192626
13739847	7	7	100	98.743910192626
13739847	7	7	100	98.743910192626
13739847	8	7	93.6666666666667	98.7609266231502
13739847	8	7	93.6666666666667	98.7609266231502
13739847	8	7	93.6666666666667	98.7609266231502
13739847	9	7	100	98.7696888353851
13739847	9	7	100	98.7696888353851
13739847	9	7	100	98.7696888353851
13739859	1	1	11.6666666666667	14.9609985774362
13739859	1	1	11.6666666666667	14.9609985774362
13739859	1	1	11.6666666666667	14.9609985774362
13739859	2	1	15.6666666666667	14.973316854033
13739859	2	1	15.6666666666667	14.973316854033
13739859	2	1	15.6666666666667	14.973316854033
13739859	3	1	17	14.9991770072274
13739859	3	1	17	14.9991770072274
13739859	3	1	17	14.9991770072274
13739859	4	1	14.3333333333333	15.0534305556018
13739859	4	1	14.3333333333333	15.0534305556018
13739859	4	1	14.3333333333333	15.0534305556018
13739859	5	1	16.6666666666667	15.1670962509357
13739859	5	1	16.6666666666667	15.1670962509357
13739859	5	1	16.6666666666667	15.1670962509357
13739859	6	1	27.6666666666667	15.4045523812677
13739859	6	1	27.6666666666667	15.4045523812677
13739859	6	1	27.6666666666667	15.4045523812677
13739859	7	1	12.3333333333333	15.897653213563
13739859	7	1	12.3333333333333	15.897653213563
13739859	7	1	12.3333333333333	15.897653213563
13739859	8	1	49.3333333333333	16.9090064578414
13739859	8	1	49.3333333333333	16.9090064578414
13739859	8	1	49.3333333333333	16.9090064578414
13739859	9	1	24.6666666666667	18.9315410617501
13739859	9	1	24.6666666666667	18.9315410617501
13739859	9	1	24.6666666666667	18.9315410617501
13739859	1	2	7.33333333333333	15.0510630622421
13739859	1	2	7.33333333333333	15.0510630622421
13739859	1	2	7.33333333333333	15.0510630622421
13739859	2	2	13	15.1621405596265
13739859	2	2	13	15.1621405596265
13739859	2	2	13	15.1621405596265
13739859	3	2	12.3333333333333	15.3942187949895
13739859	3	2	12.3333333333333	15.3942187949895
13739859	3	2	12.3333333333333	15.3942187949895
13739859	4	2	12	15.8762774297457
13739859	4	2	12	15.8762774297457
13739859	4	2	12	15.8762774297457
13739859	5	2	11	16.8655135633648
13739859	5	2	11	16.8655135633648
13739859	5	2	11	16.8655135633648
13739859	6	2	17.3333333333333	18.8459598872705
13739859	6	2	17.3333333333333	18.8459598872705
13739859	6	2	17.3333333333333	18.8459598872705
13739859	7	2	13	22.6215999011955
13739859	7	2	13	22.6215999011955
13739859	7	2	13	22.6215999011955
13739859	8	2	14.6666666666667	29.1919918426752
13739859	8	2	14.6666666666667	29.1919918426752
13739859	8	2	14.6666666666667	29.1919918426752
13739859	9	2	33.6666666666667	38.9958991741684
13739859	9	2	33.6666666666667	38.9958991741684
13739859	9	2	33.6666666666667	38.9958991741684
13739859	1	3	11.3333333333333	15.855376807601
13739859	1	3	11.3333333333333	15.855376807601
13739859	1	3	11.3333333333333	15.855376807601
13739859	2	3	18.3333333333333	16.8229571226099
13739859	2	3	18.3333333333333	16.8229571226099
13739859	2	3	18.3333333333333	16.8229571226099
13739859	3	3	17.6666666666667	18.7621016973404
13739859	3	3	17.6666666666667	18.7621016973404
13739859	3	3	17.6666666666667	18.7621016973404
13739859	4	3	24.6666666666667	22.4666066486287
13739859	4	3	24.6666666666667	22.4666066486287
13739859	4	3	24.6666666666667	22.4666066486287
13739859	5	3	37	28.9371014343304
13739859	5	3	37	28.9371014343304
13739859	5	3	37	28.9371014343304
13739859	6	3	57	38.6487808358264
13739859	6	3	57	38.6487808358264
13739859	6	3	57	38.6487808358264
13739859	7	3	40.3333333333333	50.3498196755636
13739859	7	3	40.3333333333333	50.3498196755636
13739859	7	3	40.3333333333333	50.3498196755636
13739859	8	3	70	61.2271961925426
13739859	8	3	70	61.2271961925426
13739859	8	3	70	61.2271961925426
13739859	9	3	59	69.156479802874
13739859	9	3	59	69.156479802874
13739859	9	3	59	69.156479802874
13739859	1	4	12.3333333333333	22.3143367849405
13739859	1	4	12.3333333333333	22.3143367849405
13739859	1	4	12.3333333333333	22.3143367849405
13739859	2	4	18.6666666666667	28.6855185764523
13739859	2	4	18.6666666666667	28.6855185764523
13739859	2	4	18.6666666666667	28.6855185764523
13739859	3	4	36.6666666666667	38.3037591115739
13739859	3	4	36.6666666666667	38.3037591115739
13739859	3	4	36.6666666666667	38.3037591115739
13739859	4	4	73	49.9817881294148
13739859	4	4	73	49.9817881294148
13739859	4	4	73	49.9817881294148
13739859	5	4	48.3333333333333	60.9265990181089
13739859	5	4	48.3333333333333	60.9265990181089
13739859	5	4	48.3333333333333	60.9265990181089
13739859	6	4	78.3333333333333	68.9595720202684
13739859	6	4	78.3333333333333	68.9595720202684
13739859	6	4	78.3333333333333	68.9595720202684
13739859	7	4	82.3333333333333	73.8594405854239
13739859	7	4	82.3333333333333	73.8594405854239
13739859	7	4	82.3333333333333	73.8594405854239
13739859	8	4	74.6666666666667	76.5185288507612
13739859	8	4	74.6666666666667	76.5185288507612
13739859	8	4	74.6666666666667	76.5185288507612
13739859	9	4	81.6666666666667	77.8706049285854
13739859	9	4	81.6666666666667	77.8706049285854
13739859	9	4	81.6666666666667	77.8706049285854
13739859	1	5	41	49.6129779313617
13739859	1	5	41	49.6129779313617
13739859	1	5	41	49.6129779313617
13739859	2	5	75.3333333333333	60.6229791249233
13739859	2	5	75.3333333333333	60.6229791249233
13739859	2	5	75.3333333333333	60.6229791249233
13739859	3	5	61.6666666666667	68.7595287803313
13739859	3	5	61.6666666666667	68.7595287803313
13739859	3	5	61.6666666666667	68.7595287803313
13739859	4	5	57	73.745943051812
13739859	4	5	57	73.745943051812
13739859	4	5	57	73.745943051812
13739859	5	5	83.6666666666667	76.4594522971735
13739859	5	5	83.6666666666667	76.4594522971735
13739859	5	5	83.6666666666667	76.4594522971735
13739859	6	5	59.6666666666667	77.8412177545126
13739859	6	5	59.6666666666667	77.8412177545126
13739859	6	5	59.6666666666667	77.8412177545126
13739859	7	5	77.3333333333333	78.5210666599012
13739859	7	5	77.3333333333333	78.5210666599012
13739859	7	5	77.3333333333333	78.5210666599012
13739859	8	5	87	78.8499054718953
13739859	8	5	87	78.8499054718953
13739859	8	5	87	78.8499054718953
13739859	9	5	76.6666666666667	79.007650268914
13739859	9	5	76.6666666666667	79.007650268914
13739859	9	5	76.6666666666667	79.007650268914
13739859	1	6	69	73.630239574305
13739859	1	6	69	73.630239574305
13739859	1	6	69	73.630239574305
13739859	2	6	79.6666666666667	76.3991095644051
13739859	2	6	79.6666666666667	76.3991095644051
13739859	2	6	79.6666666666667	76.3991095644051
13739859	3	6	62	77.8111708037304
13739859	3	6	62	77.8111708037304
13739859	3	6	62	77.8111708037304
13739859	4	6	86	78.5064480020896
13739859	4	6	86	78.5064480020896
13739859	4	6	86	78.5064480020896
13739859	5	6	80.6666666666667	78.8428731056393
13739859	5	6	80.6666666666667	78.8428731056393
13739859	5	6	80.6666666666667	78.8428731056393
13739859	6	6	81.6666666666667	79.0042857070688
13739859	6	6	81.6666666666667	79.0042857070688
13739859	6	6	81.6666666666667	79.0042857070688
13739859	7	6	76	79.0814144602154
13739859	7	6	76	79.0814144602154
13739859	7	6	76	79.0814144602154
13739859	8	6	86.3333333333333	79.1181975692066
13739859	8	6	86.3333333333333	79.1181975692066
13739859	8	6	86.3333333333333	79.1181975692066
13739859	9	6	88.3333333333333	79.1357233159524
13739859	9	6	88.3333333333333	79.1357233159524
13739859	9	6	88.3333333333333	79.1357233159524
13739859	1	7	75.6666666666667	78.4914939659222
13739859	1	7	75.6666666666667	78.4914939659222
13739859	1	7	75.6666666666667	78.4914939659222
13739859	2	7	77.6666666666667	78.8356776587093
13739859	2	7	77.6666666666667	78.8356776587093
13739859	2	7	77.6666666666667	78.8356776587093
13739859	3	7	76.3333333333333	79.0008427202309
13739859	3	7	76.3333333333333	79.0008427202309
13739859	3	7	76.3333333333333	79.0008427202309
13739859	4	7	79	79.0797714006551
13739859	4	7	79	79.0797714006551
13739859	4	7	79	79.0797714006551
13739859	5	7	81.6666666666667	79.1174144684323
13739859	5	7	81.6666666666667	79.1174144684323
13739859	5	7	81.6666666666667	79.1174144684323
13739859	6	7	79	79.1353503079879
13739859	6	7	79	79.1353503079879
13739859	6	7	79	79.1353503079879
13739859	7	7	78	79.1438923431877
13739859	7	7	78	79.1438923431877
13739859	7	7	78	79.1438923431877
13739859	8	7	85.3333333333333	79.1479596519649
13739859	8	7	85.3333333333333	79.1479596519649
13739859	8	7	85.3333333333333	79.1479596519649
13739859	9	7	78.6666666666667	79.1498961106575
13739859	9	7	78.6666666666667	79.1498961106575
13739859	9	7	78.6666666666667	79.1498961106575
13739892	1	1	16	22.351550446503
13739892	1	1	16	22.351550446503
13739892	1	1	16	22.351550446503
13739892	2	1	36	22.4134772481016
13739892	2	1	36	22.4134772481016
13739892	2	1	36	22.4134772481016
13739892	3	1	22	22.4815211269705
13739892	3	1	22	22.4815211269705
13739892	3	1	22	22.4815211269705
13739892	4	1	9	22.5562705884751
13739892	4	1	9	22.5562705884751
13739892	5	1	39	22.6383674698586
13739892	5	1	39	22.6383674698586
13739892	5	1	39	22.6383674698586
13739892	6	1	11.5	22.7285110844577
13739892	6	1	11.5	22.7285110844577
13739892	7	1	18	22.8274625398848
13739892	7	1	18	22.8274625398848
13739892	7	1	18	22.8274625398848
13739892	8	1	83	22.9360492020724
13739892	8	1	83	22.9360492020724
13739892	9	1	8.33333333333333	23.0551692665024
13739892	9	1	8.33333333333333	23.0551692665024
13739892	9	1	8.33333333333333	23.0551692665024
13739892	1	2	13.6666666666667	24.1040229559148
13739892	1	2	13.6666666666667	24.1040229559148
13739892	1	2	13.6666666666667	24.1040229559148
13739892	2	2	43	24.3338003257767
13739892	2	2	43	24.3338003257767
13739892	2	2	43	24.3338003257767
13739892	3	2	11.6666666666667	24.5847798725693
13739892	3	2	11.6666666666667	24.5847798725693
13739892	3	2	11.6666666666667	24.5847798725693
13739892	4	2	29.6666666666667	24.8587053000863
13739892	4	2	29.6666666666667	24.8587053000863
13739892	4	2	29.6666666666667	24.8587053000863
13739892	5	2	11	25.1574213126761
13739892	5	2	11	25.1574213126761
13739892	6	2	15.6666666666667	25.4828707463547
13739892	6	2	15.6666666666667	25.4828707463547
13739892	6	2	15.6666666666667	25.4828707463547
13739892	7	2	18.5	25.837089472238
13739892	7	2	18.5	25.837089472238
13739892	8	2	10.6666666666667	26.2221986617029
13739892	8	2	10.6666666666667	26.2221986617029
13739892	8	2	10.6666666666667	26.2221986617029
13739892	9	2	5.66666666666667	26.6403939757961
13739892	9	2	5.66666666666667	26.6403939757961
13739892	9	2	5.66666666666667	26.6403939757961
13739892	1	3	38.3333333333333	30.1401528598199
13739892	1	3	38.3333333333333	30.1401528598199
13739892	1	3	38.3333333333333	30.1401528598199
13739892	2	3	11.3333333333333	30.865672906565
13739892	2	3	11.3333333333333	30.865672906565
13739892	2	3	11.3333333333333	30.865672906565
13739892	3	3	59	31.6422986950301
13739892	3	3	59	31.6422986950301
13739892	3	3	59	31.6422986950301
13739892	4	3	37.3333333333333	32.4716376314344
13739892	4	3	37.3333333333333	32.4716376314344
13739892	4	3	37.3333333333333	32.4716376314344
13739892	5	3	34	33.3550012648138
13739892	5	3	34	33.3550012648138
13739892	5	3	34	33.3550012648138
13739892	6	3	56.6666666666667	34.293344655449
13739892	6	3	56.6666666666667	34.293344655449
13739892	6	3	56.6666666666667	34.293344655449
13739892	7	3	39	35.2872047370738
13739892	7	3	39	35.2872047370738
13739892	7	3	39	35.2872047370738
13739892	8	3	21.5	36.3366396212608
13739892	8	3	21.5	36.3366396212608
13739892	9	3	51	37.4411711487712
13739892	9	3	51	37.4411711487712
13739892	1	4	45.3333333333333	45.4614897278855
13739892	1	4	45.3333333333333	45.4614897278855
13739892	1	4	45.3333333333333	45.4614897278855
13739892	2	4	59.3333333333333	46.8925449873159
13739892	2	4	59.3333333333333	46.8925449873159
13739892	2	4	59.3333333333333	46.8925449873159
13739892	3	4	54.5	48.3504372095453
13739892	3	4	54.5	48.3504372095453
13739892	4	4	21.3333333333333	49.8290013334167
13739892	4	4	21.3333333333333	49.8290013334167
13739892	4	4	21.3333333333333	49.8290013334167
13739892	5	4	59	51.3217029136214
13739892	5	4	59	51.3217029136214
13739892	5	4	59	51.3217029136214
13739892	6	4	17.5	52.8217503650184
13739892	6	4	17.5	52.8217503650184
13739892	7	4	18	54.3222170427264
13739892	7	4	18	54.3222170427264
13739892	8	4	71.3333333333333	55.8161685641646
13739892	8	4	71.3333333333333	55.8161685641646
13739892	8	4	71.3333333333333	55.8161685641646
13739892	9	4	85.6666666666667	57.2967904329757
13739892	9	4	85.6666666666667	57.2967904329757
13739892	9	4	85.6666666666667	57.2967904329757
13739892	1	5	78.3333333333333	65.864479794748
13739892	1	5	78.3333333333333	65.864479794748
13739892	1	5	78.3333333333333	65.864479794748
13739892	2	5	39.6666666666667	67.0815413162105
13739892	2	5	39.6666666666667	67.0815413162105
13739892	2	5	39.6666666666667	67.0815413162105
13739892	3	5	81.6666666666667	68.2465180040331
13739892	3	5	81.6666666666667	68.2465180040331
13739892	3	5	81.6666666666667	68.2465180040331
13739892	4	5	54.5	69.3576345348501
13739892	4	5	54.5	69.3576345348501
13739892	5	5	65.3333333333333	70.4137508733049
13739892	5	5	65.3333333333333	70.4137508733049
13739892	5	5	65.3333333333333	70.4137508733049
13739892	6	5	84.3333333333333	71.414320551845
13739892	6	5	84.3333333333333	71.414320551845
13739892	6	5	84.3333333333333	71.414320551845
13739892	7	5	77.3333333333333	72.3593399612035
13739892	7	5	77.3333333333333	72.3593399612035
13739892	7	5	77.3333333333333	72.3593399612035
13739892	8	5	59.6666666666667	73.2492914641026
13739892	8	5	59.6666666666667	73.2492914641026
13739892	8	5	59.6666666666667	73.2492914641026
13739892	9	5	63.6666666666667	74.0850829624472
13739892	9	5	63.6666666666667	74.0850829624472
13739892	9	5	63.6666666666667	74.0850829624472
13739892	1	6	87	78.177579046853
13739892	1	6	87	78.177579046853
13739892	1	6	87	78.177579046853
13739892	2	6	94.6666666666667	78.673451812177
13739892	2	6	94.6666666666667	78.673451812177
13739892	2	6	94.6666666666667	78.673451812177
13739892	3	6	60.6666666666667	79.131406113401
13739892	3	6	60.6666666666667	79.131406113401
13739892	3	6	60.6666666666667	79.131406113401
13739892	4	6	87.3333333333333	79.5537431845037
13739892	4	6	87.3333333333333	79.5537431845037
13739892	4	6	87.3333333333333	79.5537431845037
13739892	5	6	77	79.9427249355984
13739892	5	6	77	79.9427249355984
13739892	6	6	82	80.3005551172112
13739892	6	6	82	80.3005551172112
13739892	7	6	87.6666666666667	80.6293645234447
13739892	7	6	87.6666666666667	80.6293645234447
13739892	7	6	87.6666666666667	80.6293645234447
13739892	8	6	90	80.9311997799531
13739892	8	6	90	80.9311997799531
13739892	8	6	90	80.9311997799531
13739892	9	6	84.3333333333333	81.2080152617918
13739892	9	6	84.3333333333333	81.2080152617918
13739892	9	6	84.3333333333333	81.2080152617918
13739892	1	7	86	82.4774237200483
13739892	1	7	86	82.4774237200483
13739892	2	7	95.6666666666667	82.6222017048304
13739892	2	7	95.6666666666667	82.6222017048304
13739892	2	7	95.6666666666667	82.6222017048304
13739892	3	7	85.6666666666667	82.7542861976736
13739892	3	7	85.6666666666667	82.7542861976736
13739892	3	7	85.6666666666667	82.7542861976736
13739892	4	7	87.6666666666667	82.8747408892455
13739892	4	7	87.6666666666667	82.8747408892455
13739892	4	7	87.6666666666667	82.8747408892455
13739892	5	7	89.3333333333333	82.9845488449971
13739892	5	7	89.3333333333333	82.9845488449971
13739892	5	7	89.3333333333333	82.9845488449971
13739892	6	7	80.3333333333333	83.084617114974
13739892	6	7	80.3333333333333	83.084617114974
13739892	6	7	80.3333333333333	83.084617114974
13739892	7	7	61.6666666666667	83.1757813634241
13739892	7	7	61.6666666666667	83.1757813634241
13739892	7	7	61.6666666666667	83.1757813634241
13739892	8	7	51	83.258810449758
13739892	8	7	51	83.258810449758
13739892	9	7	85.5	83.3344109078013
13739892	9	7	85.5	83.3344109078013
13739895	1	1	0	0.00441946042272695
13739895	1	1	0	0.00441946042272695
13739895	1	1	0	0.00441946042272695
13739895	2	1	0	0.00643717042414619
13739895	2	1	0	0.00643717042414619
13739895	2	1	0	0.00643717042414619
13739895	3	1	3.33333333333333	0.00940611141809042
13739895	3	1	3.33333333333333	0.00940611141809042
13739895	3	1	3.33333333333333	0.00940611141809042
13739895	4	1	0	0.0137746284655176
13739895	4	1	0	0.0137746284655176
13739895	4	1	0	0.0137746284655176
13739895	5	1	0	0.0202022644393151
13739895	5	1	0	0.0202022644393151
13739895	5	1	0	0.0202022644393151
13739895	6	1	0	0.0296591057444157
13739895	6	1	0	0.0296591057444157
13739895	6	1	0	0.0296591057444157
13739895	7	1	0	0.0435716948748916
13739895	7	1	0	0.0435716948748916
13739895	7	1	0	0.0435716948748916
13739895	8	1	10	0.0640371456284057
13739895	8	1	10	0.0640371456284057
13739895	8	1	10	0.0640371456284057
13739895	9	1	0	0.0941369256916439
13739895	9	1	0	0.0941369256916439
13739895	9	1	0	0.0941369256916439
13739895	1	2	0	0.241857756446778
13739895	1	2	0	0.241857756446778
13739895	1	2	0	0.241857756446778
13739895	2	2	0	0.355420902577856
13739895	2	2	0	0.355420902577856
13739895	2	2	0	0.355420902577856
13739895	3	2	0	0.522054986263031
13739895	3	2	0	0.522054986263031
13739895	3	2	0	0.522054986263031
13739895	4	2	0	0.766234754600617
13739895	4	2	0	0.766234754600617
13739895	4	2	0	0.766234754600617
13739895	5	2	0	1.12334722529125
13739895	5	2	0	1.12334722529125
13739895	5	2	0	1.12334722529125
13739895	6	2	0	1.64413054105609
13739895	6	2	0	1.64413054105609
13739895	6	2	0	1.64413054105609
13739895	7	2	0	2.40043590357271
13739895	7	2	0	2.40043590357271
13739895	7	2	0	2.40043590357271
13739895	8	2	0	3.49214871629996
13739895	8	2	0	3.49214871629996
13739895	8	2	0	3.49214871629996
13739895	9	2	0	5.05432469505166
13739895	9	2	0	5.05432469505166
13739895	9	2	0	5.05432469505166
13739895	1	3	0	12.0445652530831
13739895	1	3	0	12.0445652530831
13739895	1	3	0	12.0445652530831
13739895	2	3	3.33333333333333	16.7588999073089
13739895	2	3	3.33333333333333	16.7588999073089
13739895	2	3	3.33333333333333	16.7588999073089
13739895	3	3	40	22.8320077438441
13739895	3	3	40	22.8320077438441
13739895	3	3	40	22.8320077438441
13739895	4	3	5	30.291815475336
13739895	4	3	5	30.291815475336
13739895	4	3	5	30.291815475336
13739895	5	3	76.6666666666667	38.9372066860631
13739895	5	3	76.6666666666667	38.9372066860631
13739895	5	3	76.6666666666667	38.9372066860631
13739895	6	3	78.3333333333333	48.3063409782324
13739895	6	3	78.3333333333333	48.3063409782324
13739895	6	3	78.3333333333333	48.3063409782324
13739895	7	3	6.66666666666667	57.7495345884423
13739895	7	3	6.66666666666667	57.7495345884423
13739895	7	3	6.66666666666667	57.7495345884423
13739895	8	3	65	66.5966737999215
13739895	8	3	65	66.5966737999215
13739895	8	3	65	66.5966737999215
13739895	9	3	92.5	74.3357189198103
13739895	9	3	92.5	74.3357189198103
13739895	1	4	70	87.5320629167097
13739895	2	4	100	90.8109931231458
13739895	2	4	100	90.8109931231458
13739895	3	4	100	93.1831178118832
13739895	3	4	100	93.1831178118832
13739895	3	4	100	93.1831178118832
13739895	4	4	86.6666666666667	94.8671492413659
13739895	4	4	86.6666666666667	94.8671492413659
13739895	4	4	86.6666666666667	94.8671492413659
13739895	5	4	100	96.0467385348777
13739895	5	4	100	96.0467385348777
13739895	5	4	100	96.0467385348777
13739895	6	4	100	96.8652375444009
13739895	6	4	100	96.8652375444009
13739895	6	4	100	96.8652375444009
13739895	7	4	93.3333333333333	97.4294739812123
13739895	7	4	93.3333333333333	97.4294739812123
13739895	7	4	93.3333333333333	97.4294739812123
13739895	8	4	100	97.8166793114354
13739895	8	4	100	97.8166793114354
13739895	8	4	100	97.8166793114354
13739895	9	4	93.3333333333333	98.0815742294877
13739895	9	4	93.3333333333333	98.0815742294877
13739895	9	4	93.3333333333333	98.0815742294877
13739895	1	5	79	98.4273766518112
13739895	1	5	79	98.4273766518112
13739895	1	5	79	98.4273766518112
13739895	2	5	86.6666666666667	98.4980093141459
13739895	2	5	86.6666666666667	98.4980093141459
13739895	2	5	86.6666666666667	98.4980093141459
13739895	3	5	100	98.5460671477075
13739895	3	5	100	98.5460671477075
13739895	3	5	100	98.5460671477075
13739895	4	5	100	98.5787526587896
13739895	4	5	100	98.5787526587896
13739895	5	5	100	98.6009771807381
13739895	5	5	100	98.6009771807381
13739895	5	5	100	98.6009771807381
13739895	6	5	100	98.616086054651
13739895	6	5	100	98.616086054651
13739895	6	5	100	98.616086054651
13739895	7	5	100	98.626356259163
13739895	7	5	100	98.626356259163
13739895	7	5	100	98.626356259163
13739895	8	5	100	98.6333368194329
13739895	8	5	100	98.6333368194329
13739895	8	5	100	98.6333368194329
13739895	9	5	100	98.6380811739451
13739895	9	5	100	98.6380811739451
13739895	9	5	100	98.6380811739451
13739895	1	6	100	98.6442368609704
13739895	1	6	100	98.6442368609704
13739895	1	6	100	98.6442368609704
13739895	2	6	100	98.6454889830173
13739895	2	6	100	98.6454889830173
13739895	2	6	100	98.6454889830173
13739895	3	6	100	98.6463399077495
13739895	3	6	100	98.6463399077495
13739895	3	6	100	98.6463399077495
13739895	4	6	100	98.6469181804151
13739895	4	6	100	98.6469181804151
13739895	4	6	100	98.6469181804151
13739895	5	6	100	98.6473111619689
13739895	5	6	100	98.6473111619689
13739895	5	6	100	98.6473111619689
13739895	6	6	100	98.6475782228617
13739895	6	6	100	98.6475782228617
13739895	6	6	100	98.6475782228617
13739895	7	6	100	98.647759710687
13739895	7	6	100	98.647759710687
13739895	7	6	100	98.647759710687
13739895	8	6	100	98.6478830450412
13739895	8	6	100	98.6478830450412
13739895	8	6	100	98.6478830450412
13739895	9	6	100	98.6479668597424
13739895	9	6	100	98.6479668597424
13739895	9	6	100	98.6479668597424
13739895	1	7	100	98.6480755955176
13739895	1	7	100	98.6480755955176
13739895	1	7	100	98.6480755955176
13739895	2	7	100	98.6480977117196
13739895	2	7	100	98.6480977117196
13739895	2	7	100	98.6480977117196
13739895	3	7	100	98.6481127412682
13739895	3	7	100	98.6481127412682
13739895	3	7	100	98.6481127412682
13739895	4	7	100	98.6481229549253
13739895	4	7	100	98.6481229549253
13739895	4	7	100	98.6481229549253
13739895	5	7	100	98.6481298958378
13739895	5	7	100	98.6481298958378
13739895	5	7	100	98.6481298958378
13739895	6	7	100	98.6481346126855
13739895	6	7	100	98.6481346126855
13739895	6	7	100	98.6481346126855
13739895	7	7	100	98.6481378181215
13739895	7	7	100	98.6481378181215
13739895	7	7	100	98.6481378181215
13739895	8	7	100	98.6481399964449
13739895	8	7	100	98.6481399964449
13739895	8	7	100	98.6481399964449
13739895	9	7	100	98.6481414767717
13739895	9	7	100	98.6481414767717
13739895	9	7	100	98.6481414767717
13739905	1	1	0	5.90973249555559
13739905	1	1	0	5.90973249555559
13739905	1	1	0	5.90973249555559
13739905	2	1	0	5.91074911234856
13739905	2	1	0	5.91074911234856
13739905	2	1	0	5.91074911234856
13739905	3	1	0.333333333333333	5.91265116812655
13739905	3	1	0.333333333333333	5.91265116812655
13739905	3	1	0.333333333333333	5.91265116812655
13739905	4	1	0	5.91620974993413
13739905	4	1	0	5.91620974993413
13739905	4	1	0	5.91620974993413
13739905	5	1	7	5.9228671969104
13739905	5	1	7	5.9228671969104
13739905	5	1	7	5.9228671969104
13739905	6	1	40	5.93532081535604
13739905	6	1	40	5.93532081535604
13739905	6	1	40	5.93532081535604
13739905	7	1	0	5.95861261826904
13739905	7	1	0	5.95861261826904
13739905	7	1	0	5.95861261826904
13739905	8	1	0	6.00215984546873
13739905	8	1	0	6.00215984546873
13739905	8	1	0	6.00215984546873
13739905	9	1	0.666666666666667	6.0835247695075
13739905	9	1	0.666666666666667	6.0835247695075
13739905	9	1	0.666666666666667	6.0835247695075
13739905	1	2	0.666666666666667	5.93136545397541
13739905	1	2	0.666666666666667	5.93136545397541
13739905	1	2	0.666666666666667	5.93136545397541
13739905	2	2	0.333333333333333	5.95121557740754
13739905	2	2	0.333333333333333	5.95121557740754
13739905	2	2	0.333333333333333	5.95121557740754
13739905	3	2	0	5.98833218671328
13739905	3	2	0	5.98833218671328
13739905	3	2	0	5.98833218671328
13739905	4	2	0	6.05769618711526
13739905	4	2	0	6.05769618711526
13739905	4	2	0	6.05769618711526
13739905	5	2	5	6.18719117736785
13739905	5	2	5	6.18719117736785
13739905	5	2	5	6.18719117736785
13739905	6	2	33.3333333333333	6.42848025972364
13739905	6	2	33.3333333333333	6.42848025972364
13739905	6	2	33.3333333333333	6.42848025972364
13739905	7	2	0	6.87647139454604
13739905	7	2	0	6.87647139454604
13739905	7	2	0	6.87647139454604
13739905	8	2	0.666666666666667	7.70274192267775
13739905	8	2	0.666666666666667	7.70274192267775
13739905	8	2	0.666666666666667	7.70274192267775
13739905	9	2	0	9.20823946787097
13739905	9	2	0	9.20823946787097
13739905	9	2	0	9.20823946787097
13739905	1	3	1.66666666666667	6.35197854842919
13739905	1	3	1.66666666666667	6.35197854842919
13739905	1	3	1.66666666666667	6.35197854842919
13739905	2	3	0	6.73465942273085
13739905	2	3	0	6.73465942273085
13739905	2	3	0	6.73465942273085
13739905	3	3	33.3333333333333	7.44195396115826
13739905	3	3	33.3333333333333	7.44195396115826
13739905	3	3	33.3333333333333	7.44195396115826
13739905	4	3	0	8.7356351830997
13739905	4	3	0	8.7356351830997
13739905	4	3	0	8.7356351830997
13739905	5	3	33.6666666666667	11.0572608213104
13739905	5	3	33.6666666666667	11.0572608213104
13739905	5	3	33.6666666666667	11.0572608213104
13739905	6	3	2	15.0848056027591
13739905	6	3	2	15.0848056027591
13739905	6	3	2	15.0848056027591
13739905	7	3	0	21.6775660040429
13739905	7	3	0	21.6775660040429
13739905	7	3	0	21.6775660040429
13739905	8	3	33.3333333333333	31.5072705939126
13739905	8	3	33.3333333333333	31.5072705939126
13739905	8	3	33.3333333333333	31.5072705939126
13739905	9	3	33.3333333333333	44.2967921045667
13739905	9	3	33.3333333333333	44.2967921045667
13739905	9	3	33.3333333333333	44.2967921045667
13739905	1	4	36.6666666666667	13.8475624331386
13739905	1	4	36.6666666666667	13.8475624331386
13739905	1	4	36.6666666666667	13.8475624331386
13739905	2	4	1	19.7030754962065
13739905	2	4	1	19.7030754962065
13739905	2	4	1	19.7030754962065
13739905	3	4	86.6666666666667	28.6793886265994
13739905	3	4	86.6666666666667	28.6793886265994
13739905	3	4	86.6666666666667	28.6793886265994
13739905	4	4	10.6666666666667	40.8216630930854
13739905	4	4	10.6666666666667	40.8216630930854
13739905	4	4	10.6666666666667	40.8216630930854
13739905	5	4	66.6666666666667	54.7379114835938
13739905	5	4	66.6666666666667	54.7379114835938
13739905	5	4	66.6666666666667	54.7379114835938
13739905	6	4	100	67.9563446943531
13739905	6	4	100	67.9563446943531
13739905	6	4	100	67.9563446943531
13739905	7	4	67.3333333333333	78.4522141017375
13739905	7	4	67.3333333333333	78.4522141017375
13739905	7	4	67.3333333333333	78.4522141017375
13739905	8	4	91.6666666666667	85.6627146292194
13739905	8	4	91.6666666666667	85.6627146292194
13739905	8	4	91.6666666666667	85.6627146292194
13739905	9	4	92	90.1372286847329
13739905	9	4	92	90.1372286847329
13739905	9	4	92	90.1372286847329
13739905	1	5	15.6666666666667	64.7812327870929
13739905	1	5	15.6666666666667	64.7812327870929
13739905	1	5	15.6666666666667	64.7812327870929
13739905	2	5	98.3333333333333	76.0871493919288
13739905	2	5	98.3333333333333	76.0871493919288
13739905	2	5	98.3333333333333	76.0871493919288
13739905	3	5	99.6666666666667	84.1140776214847
13739905	3	5	99.6666666666667	84.1140776214847
13739905	3	5	99.6666666666667	84.1140776214847
13739905	4	5	100	89.2061820889465
13739905	4	5	100	89.2061820889465
13739905	4	5	100	89.2061820889465
13739905	5	5	51	92.2094576097163
13739905	5	5	51	92.2094576097163
13739905	5	5	51	92.2094576097163
13739905	6	5	100	93.9051551611076
13739905	6	5	100	93.9051551611076
13739905	6	5	100	93.9051551611076
13739905	7	5	100	94.8390624777142
13739905	7	5	100	94.8390624777142
13739905	7	5	100	94.8390624777142
13739905	8	5	99.3333333333333	95.3463790634347
13739905	8	5	99.3333333333333	95.3463790634347
13739905	8	5	99.3333333333333	95.3463790634347
13739905	9	5	54.6666666666667	95.6199031804484
13739905	9	5	54.6666666666667	95.6199031804484
13739905	9	5	54.6666666666667	95.6199031804484
13739905	1	6	94.6666666666667	93.5620332428953
13739905	1	6	94.6666666666667	93.5620332428953
13739905	1	6	94.6666666666667	93.5620332428953
13739905	2	6	92.6666666666667	94.6514258537672
13739905	2	6	92.6666666666667	94.6514258537672
13739905	2	6	92.6666666666667	94.6514258537672
13739905	3	6	100	95.2448471747366
13739905	3	6	100	95.2448471747366
13739905	3	6	100	95.2448471747366
13739905	4	6	100	95.565276664069
13739905	4	6	100	95.565276664069
13739905	4	6	100	95.565276664069
13739905	5	6	100	95.7374796611763
13739905	5	6	100	95.7374796611763
13739905	5	6	100	95.7374796611763
13739905	6	6	99.6666666666667	95.829787812725
13739905	6	6	99.6666666666667	95.829787812725
13739905	6	6	99.6666666666667	95.829787812725
13739905	7	6	73.6666666666667	95.8792012020931
13739905	7	6	73.6666666666667	95.8792012020931
13739905	7	6	73.6666666666667	95.8792012020931
13739905	8	6	100	95.9056332463411
13739905	8	6	100	95.9056332463411
13739905	8	6	100	95.9056332463411
13739905	9	6	100	95.9197666405132
13739905	9	6	100	95.9197666405132
13739905	9	6	100	95.9197666405132
13739905	1	7	100	95.81138248922
13739905	1	7	100	95.81138248922
13739905	1	7	100	95.81138248922
13739905	2	7	100	95.8693524333702
13739905	2	7	100	95.8693524333702
13739905	2	7	100	95.8693524333702
13739905	3	7	100	95.9003660542657
13739905	3	7	100	95.9003660542657
13739905	3	7	100	95.9003660542657
13739905	4	7	98.3333333333333	95.9169505453142
13739905	4	7	98.3333333333333	95.9169505453142
13739905	4	7	98.3333333333333	95.9169505453142
13739905	5	7	99.6666666666667	95.9258168960184
13739905	5	7	99.6666666666667	95.9258168960184
13739905	5	7	99.6666666666667	95.9258168960184
13739905	6	7	100	95.9305563738913
13739905	6	7	100	95.9305563738913
13739905	6	7	100	95.9305563738913
13739905	7	7	99	95.9330896675572
13739905	7	7	99	95.9330896675572
13739905	7	7	99	95.9330896675572
13739905	8	7	100	95.9344436849439
13739905	8	7	100	95.9344436849439
13739905	8	7	100	95.9344436849439
13739905	9	7	100	95.9351673776822
13739905	9	7	100	95.9351673776822
13739905	9	7	100	95.9351673776822
13739943	1	1	0	6.03722567345644
13739943	1	1	0	6.03722567345644
13739943	1	1	0	6.03722567345644
13739943	2	1	0	6.0372376412991
13739943	2	1	0	6.0372376412991
13739943	2	1	0	6.0372376412991
13739943	3	1	10	6.03729343644896
13739943	3	1	10	6.03729343644896
13739943	3	1	10	6.03729343644896
13739943	4	1	16.3333333333333	6.03755355771229
13739943	4	1	16.3333333333333	6.03755355771229
13739943	4	1	16.3333333333333	6.03755355771229
13739943	5	1	5.66666666666667	6.03876624772647
13739943	5	1	5.66666666666667	6.03876624772647
13739943	5	1	5.66666666666667	6.03876624772647
13739943	6	1	33.3333333333333	6.04441949910154
13739943	6	1	33.3333333333333	6.04441949910154
13739943	6	1	33.3333333333333	6.04441949910154
13739943	7	1	5	6.07076631631345
13739943	7	1	5	6.07076631631345
13739943	7	1	5	6.07076631631345
13739943	8	1	0	6.19339876619363
13739943	8	1	0	6.19339876619363
13739943	8	1	0	6.19339876619363
13739943	9	1	0	6.76083418017851
13739943	9	1	0	6.76083418017851
13739943	9	1	0	6.76083418017851
13739943	1	2	0	6.03741055391084
13739943	1	2	0	6.03741055391084
13739943	1	2	0	6.03741055391084
13739943	2	2	0	6.03809956453568
13739943	2	2	0	6.03809956453568
13739943	2	2	0	6.03809956453568
13739943	3	2	3.33333333333333	6.04131165972097
13739943	3	2	3.33333333333333	6.04131165972097
13739943	3	2	3.33333333333333	6.04131165972097
13739943	4	2	0	6.05628378607643
13739943	4	2	0	6.05628378607643
13739943	4	2	0	6.05628378607643
13739943	5	2	0	6.12602097536449
13739943	5	2	0	6.12602097536449
13739943	5	2	0	6.12602097536449
13739943	6	2	6.33333333333333	6.44975191789637
13739943	6	2	6.33333333333333	6.44975191789637
13739943	6	2	6.33333333333333	6.44975191789637
13739943	7	2	0	7.9294125496315
13739943	7	2	0	7.9294125496315
13739943	7	2	0	7.9294125496315
13739943	8	2	0	14.2410927850845
13739943	8	2	0	14.2410927850845
13739943	8	2	0	14.2410927850845
13739943	9	2	0	34.8715985223074
13739943	9	2	0	34.8715985223074
13739943	9	2	0	34.8715985223074
13739943	1	3	3.33333333333333	6.04805332912119
13739943	1	3	3.33333333333333	6.04805332912119
13739943	1	3	3.33333333333333	6.04805332912119
13739943	2	3	0	6.0876954220257
13739943	2	3	0	6.0876954220257
13739943	2	3	0	6.0876954220257
13739943	3	3	0	6.27206063464451
13739943	3	3	0	6.27206063464451
13739943	3	3	0	6.27206063464451
13739943	4	3	0	7.12192390594434
13739943	4	3	0	7.12192390594434
13739943	4	3	0	7.12192390594434
13739943	5	3	33.3333333333333	10.88496334481
13739943	5	3	33.3333333333333	10.88496334481
13739943	5	3	33.3333333333333	10.88496334481
13739943	6	3	66.6666666666667	24.9831816035404
13739943	6	3	66.6666666666667	24.9831816035404
13739943	6	3	66.6666666666667	24.9831816035404
13739943	7	3	66.6666666666667	56.3983466993899
13739943	7	3	66.6666666666667	56.3983466993899
13739943	7	3	66.6666666666667	56.3983466993899
13739943	8	3	92	84.1971400207721
13739943	8	3	92	84.1971400207721
13739943	8	3	92	84.1971400207721
13739943	9	3	98.3333333333333	94.6940594523422
13739943	9	3	98.3333333333333	94.6940594523422
13739943	9	3	98.3333333333333	94.6940594523422
13739943	1	4	0	6.65666150009583
13739943	1	4	0	6.65666150009583
13739943	1	4	0	6.65666150009583
13739943	2	4	40.6666666666667	8.85563536577939
13739943	2	4	40.6666666666667	8.85563536577939
13739943	2	4	40.6666666666667	8.85563536577939
13739943	3	4	33.3333333333333	17.8519184141411
13739943	3	4	33.3333333333333	17.8519184141411
13739943	3	4	33.3333333333333	17.8519184141411
13739943	4	4	33.3333333333333	43.5042466232937
13739943	4	4	33.3333333333333	43.5042466232937
13739943	4	4	33.3333333333333	43.5042466232937
13739943	5	4	93	76.1632006969027
13739943	5	4	93	76.1632006969027
13739943	5	4	93	76.1632006969027
13739943	6	4	100	92.2898667405282
13739943	6	4	100	92.2898667405282
13739943	6	4	100	92.2898667405282
13739943	7	4	100	96.7652066317044
13739943	7	4	100	96.7652066317044
13739943	7	4	100	96.7652066317044
13739943	8	4	93.3333333333333	97.7863213038777
13739943	8	4	93.3333333333333	97.7863213038777
13739943	8	4	93.3333333333333	97.7863213038777
13739943	9	4	76	98.0083473147194
13739943	9	4	76	98.0083473147194
13739943	9	4	76	98.0083473147194
13739943	1	5	7.66666666666667	31.8652680586572
13739943	1	5	7.66666666666667	31.8652680586572
13739943	1	5	7.66666666666667	31.8652680586572
13739943	2	5	66.6666666666667	65.420021440812
13739943	2	5	66.6666666666667	65.420021440812
13739943	2	5	66.6666666666667	65.420021440812
13739943	3	5	66.6666666666667	88.360630959006
13739943	3	5	66.6666666666667	88.360630959006
13739943	3	5	66.6666666666667	88.360630959006
13739943	4	5	100	95.7985726254899
13739943	4	5	100	95.7985726254899
13739943	4	5	100	95.7985726254899
13739943	5	5	100	97.5725049753285
13739943	5	5	100	97.5725049753285
13739943	5	5	100	97.5725049753285
13739943	6	5	100	97.9621778793418
13739943	6	5	100	97.9621778793418
13739943	6	5	100	97.9621778793418
13739943	7	5	100	98.046193677875
13739943	7	5	100	98.046193677875
13739943	7	5	100	98.046193677875
13739943	8	5	77	98.0642347339815
13739943	8	5	77	98.0642347339815
13739943	8	5	77	98.0642347339815
13739943	9	5	100	98.0681053890756
13739943	9	5	100	98.0681053890756
13739943	9	5	100	98.0681053890756
13739943	1	6	100	94.1463468368113
13739943	1	6	100	94.1463468368113
13739943	1	6	100	94.1463468368113
13739943	2	6	93.6666666666667	97.1985859386166
13739943	2	6	93.6666666666667	97.1985859386166
13739943	2	6	93.6666666666667	97.1985859386166
13739943	3	6	100	97.8810293515102
13739943	3	6	100	97.8810293515102
13739943	3	6	100	97.8810293515102
13739943	4	6	100	98.0287437185384
13739943	4	6	100	98.0287437185384
13739943	4	6	100	98.0287437185384
13739943	5	6	100	98.0604897624714
13739943	5	6	100	98.0604897624714
13739943	5	6	100	98.0604897624714
13739943	6	6	100	98.0673020145884
13739943	6	6	100	98.0673020145884
13739943	6	6	100	98.0673020145884
13739943	7	6	100	98.0687633464727
13739943	7	6	100	98.0687633464727
13739943	7	6	100	98.0687633464727
13739943	8	6	100	98.069076802293
13739943	8	6	100	98.069076802293
13739943	8	6	100	98.069076802293
13739943	9	6	100	98.0691440375761
13739943	9	6	100	98.0691440375761
13739943	9	6	100	98.0691440375761
13739943	1	7	100	97.9980467984573
13739943	1	7	100	97.9980467984573
13739943	1	7	100	97.9980467984573
13739943	2	7	100	98.0538991247015
13739943	2	7	100	98.0538991247015
13739943	2	7	100	98.0538991247015
13739943	3	7	100	98.0658880606062
13739943	3	7	100	98.0658880606062
13739943	3	7	100	98.0658880606062
13739943	4	7	100	98.0684600457733
13739943	4	7	100	98.0684600457733
13739943	4	7	100	98.0684600457733
13739943	5	7	100	98.0690117449088
13739943	5	7	100	98.0690117449088
13739943	5	7	100	98.0690117449088
13739943	6	7	100	98.0691300830023
13739943	6	7	100	98.0691300830023
13739943	6	7	100	98.0691300830023
13739943	7	7	93.3333333333333	98.0691554660841
13739943	7	7	93.3333333333333	98.0691554660841
13739943	7	7	93.3333333333333	98.0691554660841
13739943	8	7	100	98.0691609106542
13739943	8	7	100	98.0691609106542
13739943	8	7	100	98.0691609106542
13739943	9	7	100	98.0691620784926
13739943	9	7	100	98.0691620784926
13739943	9	7	100	98.0691620784926
13739987	1	1	12.3333333333333	13.5524699593399
13739987	1	1	12.3333333333333	13.5524699593399
13739987	1	1	12.3333333333333	13.5524699593399
13739987	2	1	25.6666666666667	13.5708944464907
13739987	2	1	25.6666666666667	13.5708944464907
13739987	2	1	25.6666666666667	13.5708944464907
13739987	3	1	19.6666666666667	13.5951998117987
13739987	3	1	19.6666666666667	13.5951998117987
13739987	3	1	19.6666666666667	13.5951998117987
13739987	4	1	11	13.627258048911
13739987	4	1	11	13.627258048911
13739987	4	1	11	13.627258048911
13739987	5	1	26.6666666666667	13.6695332584878
13739987	5	1	26.6666666666667	13.6695332584878
13739987	5	1	26.6666666666667	13.6695332584878
13739987	6	1	14	13.725266132701
13739987	6	1	14	13.725266132701
13739987	6	1	14	13.725266132701
13739987	7	1	12.6666666666667	13.798713851433
13739987	7	1	12.6666666666667	13.798713851433
13739987	7	1	12.6666666666667	13.798713851433
13739987	8	1	8	13.8954604973843
13739987	8	1	8	13.8954604973843
13739987	8	1	8	13.8954604973843
13739987	9	1	17.6666666666667	14.022816054126
13739987	9	1	17.6666666666667	14.022816054126
13739987	9	1	17.6666666666667	14.022816054126
13739987	1	2	5.33333333333333	13.7813336897491
13739987	1	2	5.33333333333333	13.7813336897491
13739987	1	2	5.33333333333333	13.7813336897491
13739987	2	2	6.66666666666667	13.872571825186
13739987	2	2	6.66666666666667	13.872571825186
13739987	2	2	6.66666666666667	13.872571825186
13739987	3	2	12.6666666666667	13.992694111243
13739987	3	2	12.6666666666667	13.992694111243
13739987	3	2	12.6666666666667	13.992694111243
13739987	4	2	12.3333333333333	14.1507201235688
13739987	4	2	12.3333333333333	14.1507201235688
13739987	4	2	12.3333333333333	14.1507201235688
13739987	5	2	7.33333333333333	14.358394759331
13739987	5	2	7.33333333333333	14.358394759331
13739987	5	2	7.33333333333333	14.358394759331
13739987	6	2	4.33333333333333	14.630945204899
13739987	6	2	4.33333333333333	14.630945204899
13739987	6	2	4.33333333333333	14.630945204899
13739987	7	2	17.3333333333333	14.9879995338055
13739987	7	2	17.3333333333333	14.9879995338055
13739987	7	2	17.3333333333333	14.9879995338055
13739987	8	2	9.5	15.4546646632388
13739987	8	2	9.5	15.4546646632388
13739987	9	2	12.3333333333333	16.0627275644453
13739987	9	2	12.3333333333333	16.0627275644453
13739987	9	2	12.3333333333333	16.0627275644453
13739987	1	3	14	14.9037259929298
13739987	1	3	14	14.9037259929298
13739987	1	3	14	14.9037259929298
13739987	2	3	15	15.3446318799083
13739987	2	3	15	15.3446318799083
13739987	3	3	6.33333333333333	15.9195448457273
13739987	3	3	6.33333333333333	15.9195448457273
13739987	3	3	6.33333333333333	15.9195448457273
13739987	4	3	16.6666666666667	16.6663769512114
13739987	4	3	16.6666666666667	16.6663769512114
13739987	4	3	16.6666666666667	16.6663769512114
13739987	5	3	13	17.6318067490773
13739987	5	3	13	17.6318067490773
13739987	5	3	13	17.6318067490773
13739987	6	3	26	18.8719611904529
13739987	6	3	26	18.8719611904529
13739987	6	3	26	18.8719611904529
13739987	7	3	16.3333333333333	20.4521569912246
13739987	7	3	16.3333333333333	20.4521569912246
13739987	7	3	16.3333333333333	20.4521569912246
13739987	8	3	38.5	22.4449670666858
13739987	8	3	38.5	22.4449670666858
13739987	9	3	39.5	24.9256915448465
13739987	9	3	39.5	24.9256915448465
13739987	1	4	25	20.0836311425973
13739987	1	4	25	20.0836311425973
13739987	2	4	39.3333333333333	21.9822651457354
13739987	2	4	39.3333333333333	21.9822651457354
13739987	2	4	39.3333333333333	21.9822651457354
13739987	3	4	26.3333333333333	24.3528921511602
13739987	3	4	26.3333333333333	24.3528921511602
13739987	3	4	26.3333333333333	24.3528921511602
13739987	4	4	38.3333333333333	27.2675078017872
13739987	4	4	38.3333333333333	27.2675078017872
13739987	4	4	38.3333333333333	27.2675078017872
13739987	5	4	19	30.7836917808067
13739987	5	4	19	30.7836917808067
13739987	6	4	15	34.929938769381
13739987	6	4	15	34.929938769381
13739987	6	4	15	34.929938769381
13739987	7	4	41	39.6896486139608
13739987	7	4	41	39.6896486139608
13739987	7	4	41	39.6896486139608
13739987	8	4	63.3333333333333	44.9880990833394
13739987	8	4	63.3333333333333	44.9880990833394
13739987	8	4	63.3333333333333	44.9880990833394
13739987	9	4	54.3333333333333	50.6880890359155
13739987	9	4	54.3333333333333	50.6880890359155
13739987	9	4	54.3333333333333	50.6880890359155
13739987	1	5	19.5	38.62747748525
13739987	1	5	19.5	38.62747748525
13739987	2	5	68.6666666666667	43.8206252420507
13739987	2	5	68.6666666666667	43.8206252420507
13739987	2	5	68.6666666666667	43.8206252420507
13739987	3	5	42.6666666666667	49.4495388529648
13739987	3	5	42.6666666666667	49.4495388529648
13739987	3	5	42.6666666666667	49.4495388529648
13739987	4	5	29	55.3334502745522
13739987	4	5	29	55.3334502745522
13739987	4	5	29	55.3334502745522
13739987	5	5	64.3333333333333	61.2552682562762
13739987	5	5	64.3333333333333	61.2552682562762
13739987	5	5	64.3333333333333	61.2552682562762
13739987	6	5	17	66.992301533158
13739987	6	5	17	66.992301533158
13739987	7	5	56.6666666666667	72.3486679121234
13739987	7	5	56.6666666666667	72.3486679121234
13739987	7	5	56.6666666666667	72.3486679121234
13739987	8	5	91.6666666666667	77.1798178534372
13739987	8	5	91.6666666666667	77.1798178534372
13739987	8	5	91.6666666666667	77.1798178534372
13739987	9	5	91.6666666666667	81.4033564429379
13739987	9	5	91.6666666666667	81.4033564429379
13739987	9	5	91.6666666666667	81.4033564429379
13739987	1	6	92.3333333333333	71.2481043421071
13739987	1	6	92.3333333333333	71.2481043421071
13739987	1	6	92.3333333333333	71.2481043421071
13739987	2	6	63	76.2001438625656
13739987	2	6	63	76.2001438625656
13739987	2	6	63	76.2001438625656
13739987	3	6	91	80.556874512146
13739987	3	6	91	80.556874512146
13739987	3	6	91	80.556874512146
13739987	4	6	88.3333333333333	84.2833261213887
13739987	4	6	88.3333333333333	84.2833261213887
13739987	4	6	88.3333333333333	84.2833261213887
13739987	5	6	95.6666666666667	87.3945998376682
13739987	5	6	95.6666666666667	87.3945998376682
13739987	5	6	95.6666666666667	87.3945998376682
13739987	6	6	93	89.9402786512368
13739987	6	6	93	89.9402786512368
13739987	6	6	93	89.9402786512368
13739987	7	6	95.5	91.9889586964594
13739987	7	6	95.5	91.9889586964594
13739987	8	6	89.3333333333333	93.6157998280978
13739987	8	6	89.3333333333333	93.6157998280978
13739987	8	6	89.3333333333333	93.6157998280978
13739987	9	6	95	94.8940165061438
13739987	9	6	95	94.8940165061438
13739987	9	6	95	94.8940165061438
13739987	1	7	97.3333333333333	91.5906207869052
13739987	1	7	97.3333333333333	91.5906207869052
13739987	1	7	97.3333333333333	91.5906207869052
13739987	2	7	89.3333333333333	93.3009917231215
13739987	2	7	89.3333333333333	93.3009917231215
13739987	2	7	89.3333333333333	93.3009917231215
13739987	3	7	99.3333333333333	94.6476037643694
13739987	3	7	99.3333333333333	94.6476037643694
13739987	3	7	99.3333333333333	94.6476037643694
13739987	4	7	95.3333333333333	95.6985340345424
13739987	4	7	95.3333333333333	95.6985340345424
13739987	4	7	95.3333333333333	95.6985340345424
13739987	5	7	95.3333333333333	96.5130893867265
13739987	5	7	95.3333333333333	96.5130893867265
13739987	5	7	95.3333333333333	96.5130893867265
13739987	6	7	98	97.1410785193706
13739987	6	7	98	97.1410785193706
13739987	6	7	98	97.1410785193706
13739987	7	7	98.3333333333333	97.6232457169304
13739987	7	7	98.3333333333333	97.6232457169304
13739987	7	7	98.3333333333333	97.6232457169304
13739987	8	7	95.6666666666667	97.9922838653114
13739987	8	7	95.6666666666667	97.9922838653114
13739987	8	7	95.6666666666667	97.9922838653114
13739987	9	7	90.3333333333333	98.2740536589701
13739987	9	7	90.3333333333333	98.2740536589701
13739987	9	7	90.3333333333333	98.2740536589701
13740041	1	1	0	4.69269768707968
13740041	1	1	0	4.69269768707968
13740041	1	1	0	4.69269768707968
13740041	2	1	0	4.69269793675291
13740041	2	1	0	4.69269793675291
13740041	2	1	0	4.69269793675291
13740041	3	1	0	4.69269828026452
13740041	3	1	0	4.69269828026452
13740041	3	1	0	4.69269828026452
13740041	4	1	0	4.69269875288318
13740041	4	1	0	4.69269875288318
13740041	4	1	0	4.69269875288318
13740041	5	1	0.333333333333333	4.69269940313309
13740041	5	1	0.333333333333333	4.69269940313309
13740041	5	1	0.333333333333333	4.69269940313309
13740041	6	1	0	4.69270029777604
13740041	6	1	0	4.69270029777604
13740041	6	1	0	4.69270029777604
13740041	7	1	0	4.69270152866585
13740041	7	1	0	4.69270152866585
13740041	7	1	0	4.69270152866585
13740041	8	1	0	4.69270322217914
13740041	8	1	0	4.69270322217914
13740041	8	1	0	4.69270322217914
13740041	9	1	0.333333333333333	4.69270555219048
13740041	9	1	0.333333333333333	4.69270555219048
13740041	9	1	0.333333333333333	4.69270555219048
13740041	1	2	0.666666666666667	4.69273951460721
13740041	1	2	0.666666666666667	4.69273951460721
13740041	1	2	0.666666666666667	4.69273951460721
13740041	2	2	0.333333333333333	4.69275548492913
13740041	2	2	0.333333333333333	4.69275548492913
13740041	2	2	0.333333333333333	4.69275548492913
13740041	3	2	0	4.69277745760464
13740041	3	2	0	4.69277745760464
13740041	3	2	0	4.69277745760464
13740041	4	2	0	4.69280768857928
13740041	4	2	0	4.69280768857928
13740041	4	2	0	4.69280768857928
13740041	5	2	0.333333333333333	4.69284928167697
13740041	5	2	0.333333333333333	4.69284928167697
13740041	5	2	0.333333333333333	4.69284928167697
13740041	6	2	0.333333333333333	4.69290650726446
13740041	6	2	0.333333333333333	4.69290650726446
13740041	6	2	0.333333333333333	4.69290650726446
13740041	7	2	0	4.69298524067859
13740041	7	2	0	4.69298524067859
13740041	7	2	0	4.69298524067859
13740041	8	2	0	4.69309356542354
13740041	8	2	0	4.69309356542354
13740041	8	2	0	4.69309356542354
13740041	9	2	0.666666666666667	4.69324260305673
13740041	9	2	0.666666666666667	4.69324260305673
13740041	9	2	0.666666666666667	4.69324260305673
13740041	1	3	0.333333333333333	4.69541493436729
13740041	1	3	0.333333333333333	4.69541493436729
13740041	1	3	0.333333333333333	4.69541493436729
13740041	2	3	0	4.69643640712681
13740041	2	3	0	4.69643640712681
13740041	2	3	0	4.69643640712681
13740041	3	3	0	4.69784175924454
13740041	3	3	0	4.69784175924454
13740041	3	3	0	4.69784175924454
13740041	4	3	0.666666666666667	4.69977523775978
13740041	4	3	0.666666666666667	4.69977523775978
13740041	4	3	0.666666666666667	4.69977523775978
13740041	5	3	2.66666666666667	4.70243527562405
13740041	5	3	2.66666666666667	4.70243527562405
13740041	5	3	2.66666666666667	4.70243527562405
13740041	6	3	18.3333333333333	4.70609483167582
13740041	6	3	18.3333333333333	4.70609483167582
13740041	6	3	18.3333333333333	4.70609483167582
13740041	7	3	3.66666666666667	4.71112935251501
13740041	7	3	3.66666666666667	4.71112935251501
13740041	7	3	3.66666666666667	4.71112935251501
13740041	8	3	9.33333333333333	4.7180552006135
13740041	8	3	9.33333333333333	4.7180552006135
13740041	8	3	9.33333333333333	4.7180552006135
13740041	9	3	0.333333333333333	4.7275824439194
13740041	9	3	0.333333333333333	4.7275824439194
13740041	9	3	0.333333333333333	4.7275824439194
13740041	1	4	0	4.86623587684649
13740041	1	4	0	4.86623587684649
13740041	1	4	0	4.86623587684649
13740041	2	4	0	4.93129592506706
13740041	2	4	0	4.93129592506706
13740041	2	4	0	4.93129592506706
13740041	3	4	27.3333333333333	5.02066284725185
13740041	3	4	27.3333333333333	5.02066284725185
13740041	3	4	27.3333333333333	5.02066284725185
13740041	4	4	0.666666666666667	5.1433430408156
13740041	4	4	0.666666666666667	5.1433430408156
13740041	4	4	0.666666666666667	5.1433430408156
13740041	5	4	30.6666666666667	5.31161380964688
13740041	5	4	30.6666666666667	5.31161380964688
13740041	5	4	30.6666666666667	5.31161380964688
13740041	6	4	24	5.54215286084794
13740041	6	4	24	5.54215286084794
13740041	6	4	24	5.54215286084794
13740041	7	4	2.33333333333333	5.85750634326688
13740041	7	4	2.33333333333333	5.85750634326688
13740041	7	4	2.33333333333333	5.85750634326688
13740041	8	4	31.3333333333333	6.28795085825589
13740041	8	4	31.3333333333333	6.28795085825589
13740041	8	4	31.3333333333333	6.28795085825589
13740041	9	4	30.6666666666667	6.87376914190287
13740041	9	4	30.6666666666667	6.87376914190287
13740041	9	4	30.6666666666667	6.87376914190287
13740041	1	5	10.6666666666667	14.6492144640712
13740041	1	5	10.6666666666667	14.6492144640712
13740041	1	5	10.6666666666667	14.6492144640712
13740041	2	5	21.3333333333333	17.8727423577891
13740041	2	5	21.3333333333333	17.8727423577891
13740041	2	5	21.3333333333333	17.8727423577891
13740041	3	5	13	21.9286716435307
13740041	3	5	13	21.9286716435307
13740041	3	5	13	21.9286716435307
13740041	4	5	3.66666666666667	26.8945083300621
13740041	4	5	3.66666666666667	26.8945083300621
13740041	4	5	3.66666666666667	26.8945083300621
13740041	5	5	40.6666666666667	32.7751065820559
13740041	5	5	40.6666666666667	32.7751065820559
13740041	5	5	40.6666666666667	32.7751065820559
13740041	6	5	17.6666666666667	39.4703033497067
13740041	6	5	17.6666666666667	39.4703033497067
13740041	6	5	17.6666666666667	39.4703033497067
13740041	7	5	77	46.7598932935472
13740041	7	5	77	46.7598932935472
13740041	7	5	77	46.7598932935472
13740041	8	5	74.6666666666667	54.3205486539823
13740041	8	5	74.6666666666667	54.3205486539823
13740041	8	5	74.6666666666667	54.3205486539823
13740041	9	5	32	61.777611116788
13740041	9	5	32	61.777611116788
13740041	9	5	32	61.777611116788
13740041	1	6	99.6666666666667	88.5845097993908
13740041	1	6	99.6666666666667	88.5845097993908
13740041	1	6	99.6666666666667	88.5845097993908
13740041	2	6	99.6666666666667	91.3772213044828
13740041	2	6	99.6666666666667	91.3772213044828
13740041	2	6	99.6666666666667	91.3772213044828
13740041	3	6	95.3333333333333	93.5266144741004
13740041	3	6	95.3333333333333	93.5266144741004
13740041	3	6	95.3333333333333	93.5266144741004
13740041	4	6	100	95.1569685727967
13740041	4	6	100	95.1569685727967
13740041	4	6	100	95.1569685727967
13740041	5	6	95	96.3800150168797
13740041	5	6	95	96.3800150168797
13740041	5	6	95	96.3800150168797
13740041	6	6	99.3333333333333	97.2899164717127
13740041	6	6	99.3333333333333	97.2899164717127
13740041	6	6	99.3333333333333	97.2899164717127
13740041	7	6	100	97.9626723592923
13740041	7	6	100	97.9626723592923
13740041	7	6	100	97.9626723592923
13740041	8	6	100	98.4578162518715
13740041	8	6	100	98.4578162518715
13740041	8	6	100	98.4578162518715
13740041	9	6	99.3333333333333	98.8210117046235
13740041	9	6	99.3333333333333	98.8210117046235
13740041	9	6	99.3333333333333	98.8210117046235
13740041	1	7	100	99.6028128165362
13740041	1	7	100	99.6028128165362
13740041	1	7	100	99.6028128165362
13740041	2	7	100	99.6569250333298
13740041	2	7	100	99.6569250333298
13740041	2	7	100	99.6569250333298
13740041	3	7	94.3333333333333	99.6962939465183
13740041	3	7	94.3333333333333	99.6962939465183
13740041	3	7	94.3333333333333	99.6962939465183
13740041	4	7	99.6666666666667	99.7249287935344
13740041	4	7	99.6666666666667	99.7249287935344
13740041	4	7	99.6666666666667	99.7249287935344
13740041	5	7	100	99.7457521845413
13740041	5	7	100	99.7457521845413
13740041	5	7	100	99.7457521845413
13740041	6	7	100	99.7608928977334
13740041	6	7	100	99.7608928977334
13740041	6	7	100	99.7608928977334
13740041	7	7	100	99.7719005915882
13740041	7	7	100	99.7719005915882
13740041	7	7	100	99.7719005915882
13740041	8	7	100	99.7799028713592
13740041	8	7	100	99.7799028713592
13740041	8	7	100	99.7799028713592
13740041	9	7	100	99.7857199830724
13740041	9	7	100	99.7857199830724
13740041	9	7	100	99.7857199830724
13740207	1	1	51.6666666666667	50.5431783099217
13740207	1	1	51.6666666666667	50.5431783099217
13740207	1	1	51.6666666666667	50.5431783099217
13740207	2	1	57.6666666666667	50.5431783099217
13740207	2	1	57.6666666666667	50.5431783099217
13740207	2	1	57.6666666666667	50.5431783099217
13740207	3	1	40.3333333333333	50.5431783099217
13740207	3	1	40.3333333333333	50.5431783099217
13740207	3	1	40.3333333333333	50.5431783099217
13740207	4	1	47.5	50.5431782995748
13740207	4	1	47.5	50.5431782995748
13740207	5	1	35.5	48.6500004370885
13740207	5	1	35.5	48.6500004370885
13740207	6	1	59.3333333333333	44.6385843011525
13740207	6	1	59.3333333333333	44.6385843011525
13740207	6	1	59.3333333333333	44.6385843011525
13740207	7	1	40	44.6385842546989
13740207	7	1	40	44.6385842546989
13740207	7	1	40	44.6385842546989
13740207	8	1	70.3333333333333	44.6385842546989
13740207	8	1	70.3333333333333	44.6385842546989
13740207	8	1	70.3333333333333	44.6385842546989
13740207	9	1	74.6666666666667	44.6385842546989
13740207	9	1	74.6666666666667	44.6385842546989
13740207	9	1	74.6666666666667	44.6385842546989
13740207	1	2	59	50.5431783099217
13740207	1	2	59	50.5431783099217
13740207	1	2	59	50.5431783099217
13740207	2	2	62.3333333333333	50.5431783099217
13740207	2	2	62.3333333333333	50.5431783099217
13740207	2	2	62.3333333333333	50.5431783099217
13740207	3	2	59.3333333333333	50.5431783099217
13740207	3	2	59.3333333333333	50.5431783099217
13740207	3	2	59.3333333333333	50.5431783099217
13740207	4	2	38	50.5431782995748
13740207	4	2	38	50.5431782995748
13740207	4	2	38	50.5431782995748
13740207	5	2	39.6666666666667	48.6500004358924
13740207	5	2	39.6666666666667	48.6500004358924
13740207	5	2	39.6666666666667	48.6500004358924
13740207	6	2	25.6666666666667	44.6385843011525
13740207	6	2	25.6666666666667	44.6385843011525
13740207	6	2	25.6666666666667	44.6385843011525
13740207	7	2	25.6666666666667	44.6385842546989
13740207	7	2	25.6666666666667	44.6385842546989
13740207	7	2	25.6666666666667	44.6385842546989
13740207	8	2	45	44.6385842546989
13740207	8	2	45	44.6385842546989
13740207	8	2	45	44.6385842546989
13740207	9	2	28	44.6385842546989
13740207	9	2	28	44.6385842546989
13740207	9	2	28	44.6385842546989
13740207	1	3	60	50.5431783099217
13740207	1	3	60	50.5431783099217
13740207	1	3	60	50.5431783099217
13740207	2	3	32.3333333333333	50.5431783099217
13740207	2	3	32.3333333333333	50.5431783099217
13740207	2	3	32.3333333333333	50.5431783099217
13740207	3	3	43.6666666666667	50.5431783099217
13740207	3	3	43.6666666666667	50.5431783099217
13740207	3	3	43.6666666666667	50.5431783099217
13740207	4	3	43.6666666666667	50.5431782995748
13740207	4	3	43.6666666666667	50.5431782995748
13740207	4	3	43.6666666666667	50.5431782995748
13740207	5	3	58.3333333333333	48.6500004346963
13740207	5	3	58.3333333333333	48.6500004346963
13740207	5	3	58.3333333333333	48.6500004346963
13740207	6	3	46.6666666666667	44.6385843011525
13740207	6	3	46.6666666666667	44.6385843011525
13740207	6	3	46.6666666666667	44.6385843011525
13740207	7	3	29	44.6385842546989
13740207	7	3	29	44.6385842546989
13740207	7	3	29	44.6385842546989
13740207	8	3	42.3333333333333	44.6385842546989
13740207	8	3	42.3333333333333	44.6385842546989
13740207	8	3	42.3333333333333	44.6385842546989
13740207	9	3	47	44.6385842546989
13740207	9	3	47	44.6385842546989
13740207	9	3	47	44.6385842546989
13740207	1	4	10.5	50.5431783099217
13740207	1	4	10.5	50.5431783099217
13740207	2	4	46.3333333333333	50.5431783099217
13740207	2	4	46.3333333333333	50.5431783099217
13740207	2	4	46.3333333333333	50.5431783099217
13740207	3	4	46	50.5431783099217
13740207	3	4	46	50.5431783099217
13740207	3	4	46	50.5431783099217
13740207	4	4	45.6666666666667	50.5431782995748
13740207	4	4	45.6666666666667	50.5431782995748
13740207	4	4	45.6666666666667	50.5431782995748
13740207	5	4	30.6666666666667	48.6500004335002
13740207	5	4	30.6666666666667	48.6500004335002
13740207	5	4	30.6666666666667	48.6500004335002
13740207	6	4	43	44.6385843011525
13740207	6	4	43	44.6385843011525
13740207	6	4	43	44.6385843011525
13740207	7	4	34	44.6385842546989
13740207	7	4	34	44.6385842546989
13740207	7	4	34	44.6385842546989
13740207	8	4	46	44.6385842546989
13740207	8	4	46	44.6385842546989
13740207	8	4	46	44.6385842546989
13740207	9	4	57	44.6385842546989
13740207	9	4	57	44.6385842546989
13740207	9	4	57	44.6385842546989
13740207	1	5	55.3333333333333	50.5431783099217
13740207	1	5	55.3333333333333	50.5431783099217
13740207	1	5	55.3333333333333	50.5431783099217
13740207	2	5	67.3333333333333	50.5431783099217
13740207	2	5	67.3333333333333	50.5431783099217
13740207	2	5	67.3333333333333	50.5431783099217
13740207	3	5	50.3333333333333	50.5431783099217
13740207	3	5	50.3333333333333	50.5431783099217
13740207	3	5	50.3333333333333	50.5431783099217
13740207	4	5	36.6666666666667	50.5431782995748
13740207	4	5	36.6666666666667	50.5431782995748
13740207	4	5	36.6666666666667	50.5431782995748
13740207	5	5	71.6666666666667	48.6500004323041
13740207	5	5	71.6666666666667	48.6500004323041
13740207	5	5	71.6666666666667	48.6500004323041
13740207	6	5	44	44.6385843011525
13740207	6	5	44	44.6385843011525
13740207	6	5	44	44.6385843011525
13740207	7	5	28.6666666666667	44.6385842546989
13740207	7	5	28.6666666666667	44.6385842546989
13740207	7	5	28.6666666666667	44.6385842546989
13740207	8	5	32.3333333333333	44.6385842546989
13740207	8	5	32.3333333333333	44.6385842546989
13740207	8	5	32.3333333333333	44.6385842546989
13740207	9	5	69	44.6385842546989
13740207	9	5	69	44.6385842546989
13740207	1	6	52.5	50.5431783099217
13740207	1	6	52.5	50.5431783099217
13740207	2	6	45	50.5431783099217
13740207	2	6	45	50.5431783099217
13740207	2	6	45	50.5431783099217
13740207	3	6	62	50.5431783099217
13740207	3	6	62	50.5431783099217
13740207	3	6	62	50.5431783099217
13740207	4	6	56.3333333333333	50.5431782995748
13740207	4	6	56.3333333333333	50.5431782995748
13740207	4	6	56.3333333333333	50.5431782995748
13740207	5	6	48.3333333333333	48.650000431108
13740207	5	6	48.3333333333333	48.650000431108
13740207	5	6	48.3333333333333	48.650000431108
13740207	6	6	48.3333333333333	44.6385843011525
13740207	6	6	48.3333333333333	44.6385843011525
13740207	6	6	48.3333333333333	44.6385843011525
13740207	7	6	62.3333333333333	44.6385842546989
13740207	7	6	62.3333333333333	44.6385842546989
13740207	7	6	62.3333333333333	44.6385842546989
13740207	8	6	46.6666666666667	44.6385842546989
13740207	8	6	46.6666666666667	44.6385842546989
13740207	8	6	46.6666666666667	44.6385842546989
13740207	9	6	45.3333333333333	44.6385842546989
13740207	9	6	45.3333333333333	44.6385842546989
13740207	9	6	45.3333333333333	44.6385842546989
13740207	1	7	55	50.5431783099217
13740207	1	7	55	50.5431783099217
13740207	1	7	55	50.5431783099217
13740207	2	7	47	50.5431783099217
13740207	2	7	47	50.5431783099217
13740207	2	7	47	50.5431783099217
13740207	3	7	59.3333333333333	50.5431783099217
13740207	3	7	59.3333333333333	50.5431783099217
13740207	3	7	59.3333333333333	50.5431783099217
13740207	4	7	70.6666666666667	50.5431782995748
13740207	4	7	70.6666666666667	50.5431782995748
13740207	4	7	70.6666666666667	50.5431782995748
13740207	5	7	52	48.6500004299119
13740207	5	7	52	48.6500004299119
13740207	5	7	52	48.6500004299119
13740207	6	7	27	44.6385843011525
13740207	6	7	27	44.6385843011525
13740207	6	7	27	44.6385843011525
13740207	7	7	42.3333333333333	44.6385842546989
13740207	7	7	42.3333333333333	44.6385842546989
13740207	7	7	42.3333333333333	44.6385842546989
13740207	8	7	55.6666666666667	44.6385842546989
13740207	8	7	55.6666666666667	44.6385842546989
13740207	8	7	55.6666666666667	44.6385842546989
13740207	9	7	42.6666666666667	44.6385842546989
13740207	9	7	42.6666666666667	44.6385842546989
13740207	9	7	42.6666666666667	44.6385842546989
13740458	1	1	0	5.16192246779053
13740458	1	1	0	5.16192246779053
13740458	1	1	0	5.16192246779053
13740458	2	1	6.66666666666667	5.32662841621024
13740458	2	1	6.66666666666667	5.32662841621024
13740458	2	1	6.66666666666667	5.32662841621024
13740458	3	1	45	5.55369687067013
13740458	3	1	45	5.55369687067013
13740458	3	1	45	5.55369687067013
13740458	4	1	0	5.86624610324748
13740458	4	1	0	5.86624610324748
13740458	4	1	0	5.86624610324748
13740458	5	1	0	6.29552175740677
13740458	5	1	0	6.29552175740677
13740458	6	1	15	6.88336064619688
13740458	6	1	15	6.88336064619688
13740458	6	1	15	6.88336064619688
13740458	7	1	0	7.68505154880441
13740458	7	1	0	7.68505154880441
13740458	7	1	0	7.68505154880441
13740458	8	1	28.3333333333333	8.77232509004762
13740458	8	1	28.3333333333333	8.77232509004762
13740458	8	1	28.3333333333333	8.77232509004762
13740458	9	1	0	10.2358368869197
13740458	9	1	0	10.2358368869197
13740458	9	1	0	10.2358368869197
13740458	1	2	0	6.44543174826859
13740458	1	2	0	6.44543174826859
13740458	1	2	0	6.44543174826859
13740458	2	2	0	7.08816627701422
13740458	2	2	0	7.08816627701422
13740458	2	2	0	7.08816627701422
13740458	3	2	10	7.96347785040067
13740458	3	2	10	7.96347785040067
13740458	3	2	10	7.96347785040067
13740458	4	2	0	9.1483068311222
13740458	4	2	0	9.1483068311222
13740458	4	2	0	9.1483068311222
13740458	5	2	0	10.7389824080214
13740458	5	2	0	10.7389824080214
13740458	5	2	0	10.7389824080214
13740458	6	2	15	12.851135367123
13740458	6	2	15	12.851135367123
13740458	6	2	15	12.851135367123
13740458	7	2	0	15.6150877385519
13740458	7	2	0	15.6150877385519
13740458	7	2	0	15.6150877385519
13740458	8	2	0	19.1637091252943
13740458	8	2	0	19.1637091252943
13740458	8	2	0	19.1637091252943
13740458	9	2	18.3333333333333	23.609936098729
13740458	9	2	18.3333333333333	23.609936098729
13740458	9	2	18.3333333333333	23.609936098729
13740458	1	3	0	11.2847495002255
13740458	1	3	0	11.2847495002255
13740458	1	3	0	11.2847495002255
13740458	2	3	0	13.5697277659128
13740458	2	3	0	13.5697277659128
13740458	2	3	0	13.5697277659128
13740458	3	3	33.3333333333333	16.5450473335993
13740458	3	3	33.3333333333333	16.5450473335993
13740458	3	3	33.3333333333333	16.5450473335993
13740458	4	3	52.5	20.340666529887
13740458	4	3	52.5	20.340666529887
13740458	5	3	45	25.0581070982308
13740458	5	3	45	25.0581070982308
13740458	5	3	45	25.0581070982308
13740458	6	3	56.6666666666667	30.7348410229202
13740458	6	3	56.6666666666667	30.7348410229202
13740458	6	3	56.6666666666667	30.7348410229202
13740458	7	3	48.3333333333333	37.3062761642129
13740458	7	3	48.3333333333333	37.3062761642129
13740458	7	3	48.3333333333333	37.3062761642129
13740458	8	3	51.6666666666667	44.5806796743107
13740458	8	3	51.6666666666667	44.5806796743107
13740458	8	3	51.6666666666667	44.5806796743107
13740458	9	3	46.6666666666667	52.2451587168809
13740458	9	3	46.6666666666667	52.2451587168809
13740458	9	3	46.6666666666667	52.2451587168809
13740458	1	4	0	26.5855138167484
13740458	1	4	0	26.5855138167484
13740458	1	4	0	26.5855138167484
13740458	2	4	15	32.5302237101133
13740458	2	4	15	32.5302237101133
13740458	3	4	48.3333333333333	39.32820378742
13740458	3	4	48.3333333333333	39.32820378742
13740458	3	4	48.3333333333333	39.32820378742
13740458	4	4	46.6666666666667	46.7507034615068
13740458	4	4	46.6666666666667	46.7507034615068
13740458	4	4	46.6666666666667	46.7507034615068
13740458	5	4	58.3333333333333	54.4569459177208
13740458	5	4	58.3333333333333	54.4569459177208
13740458	5	4	58.3333333333333	54.4569459177208
13740458	6	4	85	62.0504543814775
13740458	6	4	85	62.0504543814775
13740458	6	4	85	62.0504543814775
13740458	7	4	62.5	69.1572396046676
13740458	7	4	62.5	69.1572396046676
13740458	8	4	45	75.4949815131564
13740458	8	4	45	75.4949815131564
13740458	8	4	45	75.4949815131564
13740458	9	4	78.3333333333333	80.9080991256867
13740458	9	4	78.3333333333333	80.9080991256867
13740458	9	4	78.3333333333333	80.9080991256867
13740458	1	5	48.3333333333333	56.6593486471679
13740458	1	5	48.3333333333333	56.6593486471679
13740458	1	5	48.3333333333333	56.6593486471679
13740458	2	5	53.3333333333333	64.1488084019835
13740458	2	5	53.3333333333333	64.1488084019835
13740458	2	5	53.3333333333333	64.1488084019835
13740458	3	5	85	71.0590679395715
13740458	3	5	85	71.0590679395715
13740458	3	5	85	71.0590679395715
13740458	4	5	61.6666666666667	77.1423133834134
13740458	4	5	61.6666666666667	77.1423133834134
13740458	4	5	61.6666666666667	77.1423133834134
13740458	5	5	56.6666666666667	82.2799731292913
13740458	5	5	56.6666666666667	82.2799731292913
13740458	5	5	56.6666666666667	82.2799731292913
13740458	6	5	76.6666666666667	86.4692150183306
13740458	6	5	76.6666666666667	86.4692150183306
13740458	6	5	76.6666666666667	86.4692150183306
13740458	7	5	100	89.7883321128171
13740458	7	5	100	89.7883321128171
13740458	7	5	100	89.7883321128171
13740458	8	5	86.6666666666667	92.358669656558
13740458	8	5	86.6666666666667	92.358669656558
13740458	8	5	86.6666666666667	92.358669656558
13740458	9	5	100	94.3141627995603
13740458	9	5	100	94.3141627995603
13740458	9	5	100	94.3141627995603
13740458	1	6	100	83.573641823024
13740458	1	6	100	83.573641823024
13740458	1	6	100	83.573641823024
13740458	2	6	100	87.5032787960987
13740458	2	6	100	87.5032787960987
13740458	2	6	100	87.5032787960987
13740458	3	6	100	90.5946566228894
13740458	3	6	100	90.5946566228894
13740458	3	6	100	90.5946566228894
13740458	4	6	100	92.9753618467605
13740458	4	6	100	92.9753618467605
13740458	4	6	100	92.9753618467605
13740458	5	6	100	94.7788830919071
13740458	5	6	100	94.7788830919071
13740458	5	6	100	94.7788830919071
13740458	6	6	100	96.1282149911052
13740458	6	6	100	96.1282149911052
13740458	6	6	100	96.1282149911052
13740458	7	6	100	97.1283446675385
13740458	7	6	100	97.1283446675385
13740458	7	6	100	97.1283446675385
13740458	8	6	100	97.864519422513
13740458	8	6	100	97.864519422513
13740458	8	6	100	97.864519422513
13740458	9	6	100	98.4036398038247
13740458	9	6	100	98.4036398038247
13740458	9	6	100	98.4036398038247
13740458	1	7	100	95.2065133718441
13740458	1	7	100	95.2065133718441
13740458	1	7	100	95.2065133718441
13740458	2	7	100	96.4460406460212
13740458	2	7	100	96.4460406460212
13740458	2	7	100	96.4460406460212
13740458	3	7	100	97.3627601993043
13740458	3	7	100	97.3627601993043
13740458	3	7	100	97.3627601993043
13740458	4	7	86.6666666666667	98.0364414492526
13740458	4	7	86.6666666666667	98.0364414492526
13740458	4	7	86.6666666666667	98.0364414492526
13740458	5	7	100	98.5292073473594
13740458	5	7	100	98.5292073473594
13740458	5	7	100	98.5292073473594
13740458	6	7	100	98.8884101738425
13740458	6	7	100	98.8884101738425
13740458	6	7	100	98.8884101738425
13740458	7	7	100	99.1495988413441
13740458	7	7	100	99.1495988413441
13740458	7	7	100	99.1495988413441
13740458	8	7	100	99.3391734013975
13740458	8	7	100	99.3391734013975
13740458	8	7	100	99.3391734013975
13740458	9	7	100	99.4765880643707
13740458	9	7	100	99.4765880643707
13740458	9	7	100	99.4765880643707
13741316	1	1	31	45.3871551500521
13741316	1	1	31	45.3871551500521
13741316	1	1	31	45.3871551500521
13741316	2	1	56.6666666666667	45.3927411555829
13741316	2	1	56.6666666666667	45.3927411555829
13741316	2	1	56.6666666666667	45.3927411555829
13741316	3	1	36	45.4035625617614
13741316	3	1	36	45.4035625617614
13741316	4	1	45.6666666666667	45.4245144630431
13741316	4	1	45.6666666666667	45.4245144630431
13741316	4	1	45.6666666666667	45.4245144630431
13741316	5	1	49.3333333333333	45.4650367174518
13741316	5	1	49.3333333333333	45.4650367174518
13741316	5	1	49.3333333333333	45.4650367174518
13741316	6	1	62	45.5432455887521
13741316	6	1	62	45.5432455887521
13741316	6	1	62	45.5432455887521
13741316	7	1	35.6666666666667	45.6935833843266
13741316	7	1	35.6666666666667	45.6935833843266
13741316	7	1	35.6666666666667	45.6935833843266
13741316	8	1	46	45.9803457215676
13741316	8	1	46	45.9803457215676
13741316	8	1	46	45.9803457215676
13741316	9	1	66.6666666666667	46.5193506024055
13741316	9	1	66.6666666666667	46.5193506024055
13741316	9	1	66.6666666666667	46.5193506024055
13741316	1	2	21.6666666666667	45.4095767465143
13741316	1	2	21.6666666666667	45.4095767465143
13741316	1	2	21.6666666666667	45.4095767465143
13741316	2	2	43	45.4361521756418
13741316	2	2	43	45.4361521756418
13741316	2	2	43	45.4361521756418
13741316	3	2	49.6666666666667	45.4875198243873
13741316	3	2	49.6666666666667	45.4875198243873
13741316	3	2	49.6666666666667	45.4875198243873
13741316	4	2	46.3333333333333	45.5865457069278
13741316	4	2	46.3333333333333	45.5865457069278
13741316	4	2	46.3333333333333	45.5865457069278
13741316	5	2	59.6666666666667	45.7764753763043
13741316	5	2	59.6666666666667	45.7764753763043
13741316	5	2	59.6666666666667	45.7764753763043
13741316	6	2	31.3333333333333	46.13721893205
13741316	6	2	31.3333333333333	46.13721893205
13741316	6	2	31.3333333333333	46.13721893205
13741316	7	2	55.5	46.8098691547086
13741316	7	2	55.5	46.8098691547086
13741316	8	2	46.6666666666667	48.0220075702558
13741316	8	2	46.6666666666667	48.0220075702558
13741316	8	2	46.6666666666667	48.0220075702558
13741316	9	2	70.6666666666667	50.0776629348665
13741316	9	2	70.6666666666667	50.0776629348665
13741316	9	2	70.6666666666667	50.0776629348665
13741316	1	3	47.6666666666667	45.5160027907928
13741316	1	3	47.6666666666667	45.5160027907928
13741316	1	3	47.6666666666667	45.5160027907928
13741316	2	3	40	45.6413061348669
13741316	2	3	40	45.6413061348669
13741316	2	3	40	45.6413061348669
13741316	3	3	67.6666666666667	45.8809594461088
13741316	3	3	67.6666666666667	45.8809594461088
13741316	3	3	67.6666666666667	45.8809594461088
13741316	4	3	56	46.3337142734778
13741316	4	3	56	46.3337142734778
13741316	4	3	56	46.3337142734778
13741316	5	3	55	47.1695228443798
13741316	5	3	55	47.1695228443798
13741316	5	3	55	47.1695228443798
13741316	6	3	34.5	48.6486351694043
13741316	6	3	34.5	48.6486351694043
13741316	7	3	48.3333333333333	51.0804627079304
13741316	7	3	48.3333333333333	51.0804627079304
13741316	7	3	48.3333333333333	51.0804627079304
13741316	8	3	60.6666666666667	54.6326316124537
13741316	8	3	60.6666666666667	54.6326316124537
13741316	8	3	60.6666666666667	54.6326316124537
13741316	9	3	50	59.0171100152566
13741316	9	3	50	59.0171100152566
13741316	9	3	50	59.0171100152566
13741316	1	4	30.3333333333333	46.0124200162699
13741316	1	4	30.3333333333333	46.0124200162699
13741316	1	4	30.3333333333333	46.0124200162699
13741316	2	4	33	46.5789972079872
13741316	2	4	33	46.5789972079872
13741316	2	4	33	46.5789972079872
13741316	3	4	55.3333333333333	47.6119835975225
13741316	3	4	55.3333333333333	47.6119835975225
13741316	3	4	55.3333333333333	47.6119835975225
13741316	4	4	34.6666666666667	49.3999633125633
13741316	4	4	34.6666666666667	49.3999633125633
13741316	4	4	34.6666666666667	49.3999633125633
13741316	5	4	59	52.2331834283992
13741316	5	4	59	52.2331834283992
13741316	5	4	59	52.2331834283992
13741316	6	4	60.3333333333333	56.1497284295682
13741316	6	4	60.3333333333333	56.1497284295682
13741316	6	4	60.3333333333333	56.1497284295682
13741316	7	4	44.6666666666667	60.6531144770666
13741316	7	4	44.6666666666667	60.6531144770666
13741316	7	4	44.6666666666667	60.6531144770666
13741316	8	4	84	64.8543608368051
13741316	8	4	84	64.8543608368051
13741316	9	4	58.6666666666667	68.0750751841542
13741316	9	4	58.6666666666667	68.0750751841542
13741316	9	4	58.6666666666667	68.0750751841542
13741316	1	5	39.3333333333333	48.1521413687827
13741316	1	5	39.3333333333333	48.1521413687827
13741316	1	5	39.3333333333333	48.1521413687827
13741316	2	5	46.3333333333333	50.2891358020011
13741316	2	5	46.3333333333333	50.2891358020011
13741316	2	5	46.3333333333333	50.2891358020011
13741316	3	5	36	53.5320793632132
13741316	3	5	36	53.5320793632132
13741316	3	5	36	53.5320793632132
13741316	4	5	62	57.7474742825778
13741316	4	5	62	57.7474742825778
13741316	4	5	62	57.7474742825778
13741316	5	5	61.6666666666667	62.2474647508218
13741316	5	5	61.6666666666667	62.2474647508218
13741316	5	5	61.6666666666667	62.2474647508218
13741316	6	5	60.3333333333333	66.1455346033235
13741316	6	5	60.3333333333333	66.1455346033235
13741316	6	5	60.3333333333333	66.1455346033235
13741316	7	5	71	68.9564361626125
13741316	7	5	71	68.9564361626125
13741316	7	5	71	68.9564361626125
13741316	8	5	72.6666666666667	70.7264781141504
13741316	8	5	72.6666666666667	70.7264781141504
13741316	8	5	72.6666666666667	70.7264781141504
13741316	9	5	60	71.7477458881785
13741316	9	5	60	71.7477458881785
13741316	9	5	60	71.7477458881785
13741316	1	6	66.6666666666667	54.9632094715347
13741316	1	6	66.6666666666667	54.9632094715347
13741316	1	6	66.6666666666667	54.9632094715347
13741316	2	6	54.6666666666667	59.3844603085363
13741316	2	6	54.6666666666667	59.3844603085363
13741316	2	6	54.6666666666667	59.3844603085363
13741316	3	6	70.6666666666667	63.7591136587082
13741316	3	6	70.6666666666667	63.7591136587082
13741316	3	6	70.6666666666667	63.7591136587082
13741316	4	6	75.6666666666667	67.2900796305201
13741316	4	6	75.6666666666667	67.2900796305201
13741316	4	6	75.6666666666667	67.2900796305201
13741316	5	6	69.6666666666667	69.7005892562318
13741316	5	6	69.6666666666667	69.7005892562318
13741316	5	6	69.6666666666667	69.7005892562318
13741316	6	6	74	71.164040805186
13741316	6	6	74	71.164040805186
13741316	6	6	74	71.164040805186
13741316	7	6	57	71.990100622721
13741316	7	6	57	71.990100622721
13741316	7	6	57	71.990100622721
13741316	8	6	72	72.4373037863526
13741316	8	6	72	72.4373037863526
13741316	8	6	72	72.4373037863526
13741316	9	6	69	72.6739415098868
13741316	9	6	69	72.6739415098868
13741316	9	6	69	72.6739415098868
13741316	1	7	64.6666666666667	65.1554723875454
13741316	1	7	64.6666666666667	65.1554723875454
13741316	1	7	64.6666666666667	65.1554723875454
13741316	2	7	73	68.2847570783949
13741316	2	7	73	68.2847570783949
13741316	2	7	73	68.2847570783949
13741316	3	7	75.6666666666667	70.3208306221394
13741316	3	7	75.6666666666667	70.3208306221394
13741316	3	7	75.6666666666667	70.3208306221394
13741316	4	7	77.3333333333333	71.5195790682174
13741316	4	7	77.3333333333333	71.5195790682174
13741316	4	7	77.3333333333333	71.5195790682174
13741316	5	7	76	72.184209906321
13741316	5	7	76	72.184209906321
13741316	5	7	76	72.184209906321
13741316	6	7	70	72.5404796689822
13741316	6	7	70	72.5404796689822
13741316	6	7	70	72.5404796689822
13741316	7	7	72	72.7280054051119
13741316	7	7	72	72.7280054051119
13741316	7	7	72	72.7280054051119
13741316	8	7	79.6666666666667	72.8257646546373
13741316	8	7	79.6666666666667	72.8257646546373
13741316	8	7	79.6666666666667	72.8257646546373
13741316	9	7	77.3333333333333	72.8764716824406
13741316	9	7	77.3333333333333	72.8764716824406
13741316	9	7	77.3333333333333	72.8764716824406
