subject	f0	VOT	Response_100	pred
13735155	1	1	0.333333333333333	0.93180690122468
13735155	1	1	0.333333333333333	0.93180690122468
13735155	1	1	0.333333333333333	0.93180690122468
13735155	2	1	0	1.04532828541592
13735155	2	1	0	1.04532828541592
13735155	2	1	0	1.04532828541592
13735155	3	1	7.66666666666667	1.18919200314281
13735155	3	1	7.66666666666667	1.18919200314281
13735155	3	1	7.66666666666667	1.18919200314281
13735155	4	1	0.666666666666667	1.3713800409494
13735155	4	1	0.666666666666667	1.3713800409494
13735155	4	1	0.666666666666667	1.3713800409494
13735155	5	1	0	1.60189663608532
13735155	5	1	0	1.60189663608532
13735155	5	1	0	1.60189663608532
13735155	6	1	2.66666666666667	1.89323380298747
13735155	6	1	2.66666666666667	1.89323380298747
13735155	6	1	2.66666666666667	1.89323380298747
13735155	7	1	0.666666666666667	2.26091558683303
13735155	7	1	0.666666666666667	2.26091558683303
13735155	7	1	0.666666666666667	2.26091558683303
13735155	8	1	0	2.72411627585098
13735155	8	1	0	2.72411627585098
13735155	8	1	0	2.72411627585098
13735155	9	1	0.666666666666667	3.30633337922127
13735155	9	1	0.666666666666667	3.30633337922127
13735155	9	1	0.666666666666667	3.30633337922127
13735155	1	2	0	2.79281757711182
13735155	1	2	0	2.79281757711182
13735155	1	2	0	2.79281757711182
13735155	2	2	0	3.39256228821845
13735155	2	2	0	3.39256228821845
13735155	2	2	0	3.39256228821845
13735155	3	2	0	4.14395415180302
13735155	3	2	0	4.14395415180302
13735155	3	2	0	4.14395415180302
13735155	4	2	0	5.08189574406771
13735155	4	2	0	5.08189574406771
13735155	4	2	0	5.08189574406771
13735155	5	2	33	6.2473636214784
13735155	5	2	33	6.2473636214784
13735155	5	2	33	6.2473636214784
13735155	6	2	0	7.68735509250324
13735155	6	2	0	7.68735509250324
13735155	6	2	0	7.68735509250324
13735155	7	2	0	9.45410898841454
13735155	7	2	0	9.45410898841454
13735155	7	2	0	9.45410898841454
13735155	8	2	0	11.6032309212388
13735155	8	2	0	11.6032309212388
13735155	8	2	0	11.6032309212388
13735155	9	2	33	14.1903213540118
13735155	9	2	33	14.1903213540118
13735155	9	2	33	14.1903213540118
13735155	1	3	0.333333333333333	11.9149819643934
13735155	1	3	0.333333333333333	11.9149819643934
13735155	1	3	0.333333333333333	11.9149819643934
13735155	2	3	24.3333333333333	14.5631564228666
13735155	2	3	24.3333333333333	14.5631564228666
13735155	2	3	24.3333333333333	14.5631564228666
13735155	3	3	66.6666666666667	17.7055392292016
13735155	3	3	66.6666666666667	17.7055392292016
13735155	3	3	66.6666666666667	17.7055392292016
13735155	4	3	0.333333333333333	21.3780015229513
13735155	4	3	0.333333333333333	21.3780015229513
13735155	4	3	0.333333333333333	21.3780015229513
13735155	5	3	10.3333333333333	25.5943401625366
13735155	5	3	10.3333333333333	25.5943401625366
13735155	5	3	10.3333333333333	25.5943401625366
13735155	6	3	33.3333333333333	30.3374345538511
13735155	6	3	33.3333333333333	30.3374345538511
13735155	6	3	33.3333333333333	30.3374345538511
13735155	7	3	6.33333333333333	35.5522973403575
13735155	7	3	6.33333333333333	35.5522973403575
13735155	7	3	6.33333333333333	35.5522973403575
13735155	8	3	66.3333333333333	41.1434582356991
13735155	8	3	66.3333333333333	41.1434582356991
13735155	8	3	66.3333333333333	41.1434582356991
13735155	9	3	33	46.9787353503857
13735155	9	3	33	46.9787353503857
13735155	9	3	33	46.9787353503857
13735155	1	4	33.3333333333333	41.8946273621532
13735155	1	4	33.3333333333333	41.8946273621532
13735155	1	4	33.3333333333333	41.8946273621532
13735155	2	4	66.3333333333333	47.7504937863863
13735155	2	4	66.3333333333333	47.7504937863863
13735155	2	4	66.3333333333333	47.7504937863863
13735155	3	4	36	53.6706566638685
13735155	3	4	36	53.6706566638685
13735155	3	4	36	53.6706566638685
13735155	4	4	39.3333333333333	59.4876399813265
13735155	4	4	39.3333333333333	59.4876399813265
13735155	4	4	39.3333333333333	59.4876399813265
13735155	5	4	66.6666666666667	65.0453565233342
13735155	5	4	66.6666666666667	65.0453565233342
13735155	5	4	66.6666666666667	65.0453565233342
13735155	6	4	100	70.2150454665162
13735155	6	4	100	70.2150454665162
13735155	6	4	100	70.2150454665162
13735155	7	4	95	74.9053804479986
13735155	7	4	95	74.9053804479986
13735155	7	4	95	74.9053804479986
13735155	8	4	72	79.065516416956
13735155	8	4	72	79.065516416956
13735155	8	4	72	79.065516416956
13735155	9	4	96.3333333333333	82.6819138138881
13735155	9	4	96.3333333333333	82.6819138138881
13735155	9	4	96.3333333333333	82.6819138138881
13735155	1	5	100	79.5684365535287
13735155	1	5	100	79.5684365535287
13735155	1	5	100	79.5684365535287
13735155	2	5	100	83.1145197926353
13735155	2	5	100	83.1145197926353
13735155	2	5	100	83.1145197926353
13735155	3	5	69	86.1372824898728
13735155	3	5	69	86.1372824898728
13735155	3	5	69	86.1372824898728
13735155	4	5	60	88.6764706668935
13735155	4	5	60	88.6764706668935
13735155	4	5	60	88.6764706668935
13735155	5	5	33.3333333333333	90.7833192498536
13735155	5	5	33.3333333333333	90.7833192498536
13735155	5	5	33.3333333333333	90.7833192498536
13735155	6	5	100	92.513637762418
13735155	6	5	100	92.513637762418
13735155	6	5	100	92.513637762418
13735155	7	5	100	93.9228106171365
13735155	7	5	100	93.9228106171365
13735155	7	5	100	93.9228106171365
13735155	8	5	100	95.0625982029899
13735155	8	5	100	95.0625982029899
13735155	8	5	100	95.0625982029899
13735155	9	5	100	95.9793944710948
13735155	9	5	100	95.9793944710948
13735155	9	5	100	95.9793944710948
13735155	1	6	100	95.194024853071
13735155	1	6	100	95.194024853071
13735155	1	6	100	95.194024853071
13735155	2	6	99.6666666666667	96.0848166741317
13735155	2	6	99.6666666666667	96.0848166741317
13735155	2	6	99.6666666666667	96.0848166741317
13735155	3	6	99	96.7977711989689
13735155	3	6	99	96.7977711989689
13735155	3	6	99	96.7977711989689
13735155	4	6	94.6666666666667	97.3664118685588
13735155	4	6	94.6666666666667	97.3664118685588
13735155	4	6	94.6666666666667	97.3664118685588
13735155	5	6	100	97.8186941907615
13735155	5	6	100	97.8186941907615
13735155	5	6	100	97.8186941907615
13735155	6	6	100	98.1776352125214
13735155	6	6	100	98.1776352125214
13735155	6	6	100	98.1776352125214
13735155	7	6	100	98.4620000825801
13735155	7	6	100	98.4620000825801
13735155	7	6	100	98.4620000825801
13735155	8	6	100	98.6869708470984
13735155	8	6	100	98.6869708470984
13735155	8	6	100	98.6869708470984
13735155	9	6	100	98.8647575734208
13735155	9	6	100	98.8647575734208
13735155	9	6	100	98.8647575734208
13735155	1	7	100	98.7126289849669
13735155	1	7	100	98.7126289849669
13735155	1	7	100	98.7126289849669
13735155	2	7	100	98.8850233755257
13735155	2	7	100	98.8850233755257
13735155	2	7	100	98.8850233755257
13735155	3	7	96.6666666666667	99.0211291333181
13735155	3	7	96.6666666666667	99.0211291333181
13735155	3	7	96.6666666666667	99.0211291333181
13735155	4	7	100	99.1285135559667
13735155	4	7	100	99.1285135559667
13735155	4	7	100	99.1285135559667
13735155	5	7	99.6666666666667	99.213193073869
13735155	5	7	99.6666666666667	99.213193073869
13735155	5	7	99.6666666666667	99.213193073869
13735155	6	7	100	99.2799407119562
13735155	6	7	100	99.2799407119562
13735155	6	7	100	99.2799407119562
13735155	7	7	99.6666666666667	99.3325366108936
13735155	7	7	99.6666666666667	99.3325366108936
13735155	7	7	99.6666666666667	99.3325366108936
13735155	8	7	100	99.3739705594504
13735155	8	7	100	99.3739705594504
13735155	8	7	100	99.3739705594504
13735155	9	7	100	99.4066047535276
13735155	9	7	100	99.4066047535276
13735155	9	7	100	99.4066047535276
13735187	1	1	0	3.12594343878815
13735187	1	1	0	3.12594343878815
13735187	1	1	0	3.12594343878815
13735187	2	1	1	3.14411196336187
13735187	2	1	1	3.14411196336187
13735187	2	1	1	3.14411196336187
13735187	3	1	0	3.1771180019022
13735187	3	1	0	3.1771180019022
13735187	3	1	0	3.1771180019022
13735187	4	1	2.66666666666667	3.23705194214524
13735187	4	1	2.66666666666667	3.23705194214524
13735187	4	1	2.66666666666667	3.23705194214524
13735187	5	1	6	3.3457944835765
13735187	5	1	6	3.3457944835765
13735187	5	1	6	3.3457944835765
13735187	6	1	34.3333333333333	3.5428035732166
13735187	6	1	34.3333333333333	3.5428035732166
13735187	6	1	34.3333333333333	3.5428035732166
13735187	7	1	1	3.89877447700614
13735187	7	1	1	3.89877447700614
13735187	7	1	1	3.89877447700614
13735187	8	1	2.33333333333333	4.53888008667356
13735187	8	1	2.33333333333333	4.53888008667356
13735187	8	1	2.33333333333333	4.53888008667356
13735187	9	1	0.666666666666667	5.6800117166446
13735187	9	1	0.666666666666667	5.6800117166446
13735187	9	1	0.666666666666667	5.6800117166446
13735187	1	2	1	3.32327977526543
13735187	1	2	1	3.32327977526543
13735187	1	2	1	3.32327977526543
13735187	2	2	0	3.50204433445039
13735187	2	2	0	3.50204433445039
13735187	2	2	0	3.50204433445039
13735187	3	2	0	3.82522790787096
13735187	3	2	0	3.82522790787096
13735187	3	2	0	3.82522790787096
13735187	4	2	1	4.40695355893658
13735187	4	2	1	4.40695355893658
13735187	4	2	1	4.40695355893658
13735187	5	2	3	5.44585674111298
13735187	5	2	3	5.44585674111298
13735187	5	2	3	5.44585674111298
13735187	6	2	5	7.27546034509048
13735187	6	2	5	7.27546034509048
13735187	6	2	5	7.27546034509048
13735187	7	2	0.666666666666667	10.4195629808729
13735187	7	2	0.666666666666667	10.4195629808729
13735187	7	2	0.666666666666667	10.4195629808729
13735187	8	2	3	15.6016658000942
13735187	8	2	3	15.6016658000942
13735187	8	2	3	15.6016658000942
13735187	9	2	20	23.582065997464
13735187	9	2	20	23.582065997464
13735187	9	2	20	23.582065997464
13735187	1	3	34	5.2324853070996
13735187	1	3	34	5.2324853070996
13735187	1	3	34	5.2324853070996
13735187	2	3	0	6.90235742567969
13735187	2	3	0	6.90235742567969
13735187	2	3	0	6.90235742567969
13735187	3	3	1.33333333333333	9.78630564612074
13735187	3	3	1.33333333333333	9.78630564612074
13735187	3	3	1.33333333333333	9.78630564612074
13735187	4	3	0	14.5795888599848
13735187	4	3	0	14.5795888599848
13735187	4	3	0	14.5795888599848
13735187	5	3	27.3333333333333	22.0601229823821
13735187	5	3	27.3333333333333	22.0601229823821
13735187	5	3	27.3333333333333	22.0601229823821
13735187	6	3	66.6666666666667	32.6593994423523
13735187	6	3	66.6666666666667	32.6593994423523
13735187	6	3	66.6666666666667	32.6593994423523
13735187	7	3	66.6666666666667	45.7905377237186
13735187	7	3	66.6666666666667	45.7905377237186
13735187	7	3	66.6666666666667	45.7905377237186
13735187	8	3	93.3333333333333	59.5996993737658
13735187	8	3	93.3333333333333	59.5996993737658
13735187	8	3	93.3333333333333	59.5996993737658
13735187	9	3	2.66666666666667	71.8316309174175
13735187	9	3	2.66666666666667	71.8316309174175
13735187	9	3	2.66666666666667	71.8316309174175
13735187	1	4	29	20.624144067645
13735187	1	4	29	20.624144067645
13735187	1	4	29	20.624144067645
13735187	2	4	33.3333333333333	30.718018516888
13735187	2	4	33.3333333333333	30.718018516888
13735187	2	4	33.3333333333333	30.718018516888
13735187	3	4	0	43.5321190937582
13735187	3	4	0	43.5321190937582
13735187	3	4	0	43.5321190937582
13735187	4	4	64	57.3915301869069
13735187	4	4	64	57.3915301869069
13735187	4	4	64	57.3915301869069
13735187	5	4	68.6666666666667	70.0102429838746
13735187	5	4	68.6666666666667	70.0102429838746
13735187	5	4	68.6666666666667	70.0102429838746
13735187	6	4	99.6666666666667	79.8207871778459
13735187	6	4	99.6666666666667	79.8207871778459
13735187	6	4	99.6666666666667	79.8207871778459
13735187	7	4	100	86.5526252786897
13735187	7	4	100	86.5526252786897
13735187	7	4	100	86.5526252786897
13735187	8	4	97.3333333333333	90.7855409511463
13735187	8	4	97.3333333333333	90.7855409511463
13735187	8	4	97.3333333333333	90.7855409511463
13735187	9	4	97.6666666666667	93.3026900353927
13735187	9	4	97.6666666666667	93.3026900353927
13735187	9	4	97.6666666666667	93.3026900353927
13735187	1	5	63	68.1103596114623
13735187	1	5	63	68.1103596114623
13735187	1	5	63	68.1103596114623
13735187	2	5	94	78.4319890494736
13735187	2	5	94	78.4319890494736
13735187	2	5	94	78.4319890494736
13735187	3	5	62	85.6419712085671
13735187	3	5	62	85.6419712085671
13735187	3	5	62	85.6419712085671
13735187	4	5	98	90.2298619866832
13735187	4	5	98	90.2298619866832
13735187	4	5	98	90.2298619866832
13735187	5	5	91.3333333333333	92.9782812089773
13735187	5	5	91.3333333333333	92.9782812089773
13735187	5	5	91.3333333333333	92.9782812089773
13735187	6	5	97.3333333333333	94.5655957167197
13735187	6	5	97.3333333333333	94.5655957167197
13735187	6	5	97.3333333333333	94.5655957167197
13735187	7	5	98.6666666666667	95.4630145898013
13735187	7	5	98.6666666666667	95.4630145898013
13735187	7	5	98.6666666666667	95.4630145898013
13735187	8	5	66.6666666666667	95.9642881760183
13735187	8	5	66.6666666666667	95.9642881760183
13735187	8	5	66.6666666666667	95.9642881760183
13735187	9	5	90.6666666666667	96.2423956505593
13735187	9	5	90.6666666666667	96.2423956505593
13735187	9	5	90.6666666666667	96.2423956505593
13735187	1	6	99.6666666666667	92.6232155904857
13735187	1	6	99.6666666666667	92.6232155904857
13735187	1	6	99.6666666666667	92.6232155904857
13735187	2	6	100	94.3629397220412
13735187	2	6	100	94.3629397220412
13735187	2	6	100	94.3629397220412
13735187	3	6	91	95.3492107954369
13735187	3	6	91	95.3492107954369
13735187	3	6	91	95.3492107954369
13735187	4	6	100	95.900961632773
13735187	4	6	100	95.900961632773
13735187	4	6	100	95.900961632773
13735187	5	6	98.6666666666667	96.2073362588955
13735187	5	6	98.6666666666667	96.2073362588955
13735187	5	6	98.6666666666667	96.2073362588955
13735187	6	6	100	96.3767553027956
13735187	6	6	100	96.3767553027956
13735187	6	6	100	96.3767553027956
13735187	7	6	98.6666666666667	96.4702259334071
13735187	7	6	98.6666666666667	96.4702259334071
13735187	7	6	98.6666666666667	96.4702259334071
13735187	8	6	99.3333333333333	96.5217295898362
13735187	8	6	99.3333333333333	96.5217295898362
13735187	8	6	99.3333333333333	96.5217295898362
13735187	9	6	95.3333333333333	96.5500890380454
13735187	9	6	95.3333333333333	96.5500890380454
13735187	9	6	95.3333333333333	96.5500890380454
13735187	1	7	95	96.1687030723276
13735187	1	7	95	96.1687030723276
13735187	1	7	95	96.1687030723276
13735187	2	7	98	96.3554195026901
13735187	2	7	98	96.3554195026901
13735187	2	7	98	96.3554195026901
13735187	3	7	100	96.4584630998278
13735187	3	7	100	96.4584630998278
13735187	3	7	100	96.4584630998278
13735187	4	7	95.3333333333333	96.5152506500165
13735187	4	7	95.3333333333333	96.5152506500165
13735187	4	7	95.3333333333333	96.5152506500165
13735187	5	7	97.6666666666667	96.5465223138927
13735187	5	7	97.6666666666667	96.5465223138927
13735187	5	7	97.6666666666667	96.5465223138927
13735187	6	7	99	96.5637356377551
13735187	6	7	99	96.5637356377551
13735187	6	7	99	96.5637356377551
13735187	7	7	100	96.5732084109888
13735187	7	7	100	96.5732084109888
13735187	7	7	100	96.5732084109888
13735187	8	7	97.6666666666667	96.5784207633257
13735187	8	7	97.6666666666667	96.5784207633257
13735187	8	7	97.6666666666667	96.5784207633257
13735187	9	7	88.3333333333333	96.5812886348821
13735187	9	7	88.3333333333333	96.5812886348821
13735187	9	7	88.3333333333333	96.5812886348821
13735188	1	1	0	0.0183760637035238
13735188	1	1	0	0.0183760637035238
13735188	1	1	0	0.0183760637035238
13735188	2	1	0	0.0303504058701114
13735188	2	1	0	0.0303504058701114
13735188	2	1	0	0.0303504058701114
13735188	3	1	0	0.0509814339564085
13735188	3	1	0	0.0509814339564085
13735188	3	1	0	0.0509814339564085
13735188	4	1	0	0.0865189963362617
13735188	4	1	0	0.0865189963362617
13735188	4	1	0	0.0865189963362617
13735188	5	1	0	0.14770864450005
13735188	5	1	0	0.14770864450005
13735188	5	1	0	0.14770864450005
13735188	6	1	0	0.252993163040071
13735188	6	1	0	0.252993163040071
13735188	6	1	0	0.252993163040071
13735188	7	1	0	0.433930646773062
13735188	7	1	0	0.433930646773062
13735188	7	1	0	0.433930646773062
13735188	8	1	0	0.744240074079419
13735188	8	1	0	0.744240074079419
13735188	8	1	0	0.744240074079419
13735188	9	1	0	1.2745419016923
13735188	9	1	0	1.2745419016923
13735188	9	1	0	1.2745419016923
13735188	1	2	0	0.299932441736896
13735188	1	2	0	0.299932441736896
13735188	1	2	0	0.299932441736896
13735188	2	2	0	0.514509824189955
13735188	2	2	0	0.514509824189955
13735188	2	2	0	0.514509824189955
13735188	3	2	0	0.882173547572864
13735188	3	2	0	0.882173547572864
13735188	3	2	0	0.882173547572864
13735188	4	2	0	1.50950292795477
13735188	4	2	0	1.50950292795477
13735188	4	2	0	1.50950292795477
13735188	5	2	0	2.57226556240817
13735188	5	2	0	2.57226556240817
13735188	5	2	0	2.57226556240817
13735188	6	2	0	4.35108168067854
13735188	6	2	0	4.35108168067854
13735188	6	2	0	4.35108168067854
13735188	7	2	0	7.26905200909447
13735188	7	2	0	7.26905200909447
13735188	7	2	0	7.26905200909447
13735188	8	2	0	11.9011372670282
13735188	8	2	0	11.9011372670282
13735188	8	2	0	11.9011372670282
13735188	9	2	0	18.8843902648536
13735188	9	2	0	18.8843902648536
13735188	9	2	0	18.8843902648536
13735188	1	3	0	5.12453704222761
13735188	1	3	0	5.12453704222761
13735188	1	3	0	5.12453704222761
13735188	2	3	0	8.51523343123334
13735188	2	3	0	8.51523343123334
13735188	2	3	0	8.51523343123334
13735188	3	3	60	13.8232183454984
13735188	3	3	60	13.8232183454984
13735188	3	3	60	13.8232183454984
13735188	4	3	15	21.6571536002185
13735188	4	3	15	21.6571536002185
13735188	4	3	15	21.6571536002185
13735188	5	3	33.3333333333333	32.2685334373324
13735188	5	3	33.3333333333333	32.2685334373324
13735188	5	3	33.3333333333333	32.2685334373324
13735188	6	3	100	45.0867461256628
13735188	6	3	100	45.0867461256628
13735188	6	3	100	45.0867461256628
13735188	7	3	0	58.5913512736173
13735188	7	3	0	58.5913512736173
13735188	8	3	100	70.9159377475422
13735188	8	3	100	70.9159377475422
13735188	9	3	50	80.7743025981858
13735188	9	3	50	80.7743025981858
13735188	1	4	23.3333333333333	49.3652319209084
13735188	1	4	23.3333333333333	49.3652319209084
13735188	1	4	23.3333333333333	49.3652319209084
13735188	2	4	47.5	62.6880584286193
13735188	2	4	47.5	62.6880584286193
13735188	3	4	100	74.3270892207506
13735188	3	4	100	74.3270892207506
13735188	3	4	100	74.3270892207506
13735188	4	4	83.3333333333333	83.3008311433756
13735188	4	4	83.3333333333333	83.3008311433756
13735188	4	4	83.3333333333333	83.3008311433756
13735188	5	4	100	89.575745671599
13735188	5	4	100	89.575745671599
13735188	5	4	100	89.575745671599
13735188	6	4	100	93.6697471979787
13735188	6	4	100	93.6697471979787
13735188	6	4	100	93.6697471979787
13735188	7	4	100	96.221384248395
13735188	7	4	100	96.221384248395
13735188	7	4	100	96.221384248395
13735188	8	4	100	97.7666376415556
13735188	8	4	100	97.7666376415556
13735188	8	4	100	97.7666376415556
13735188	9	4	100	98.6861843403992
13735188	9	4	100	98.6861843403992
13735188	9	4	100	98.6861843403992
13735188	1	5	66.6666666666667	94.613203885649
13735188	1	5	66.6666666666667	94.613203885649
13735188	1	5	66.6666666666667	94.613203885649
13735188	2	5	100	96.7966817310948
13735188	2	5	100	96.7966817310948
13735188	2	5	100	96.7966817310948
13735188	3	5	100	98.1103977519027
13735188	3	5	100	98.1103977519027
13735188	3	5	100	98.1103977519027
13735188	4	5	100	98.8891132232219
13735188	4	5	100	98.8891132232219
13735188	4	5	100	98.8891132232219
13735188	5	5	100	99.346629052026
13735188	5	5	100	99.346629052026
13735188	5	5	100	99.346629052026
13735188	6	5	100	99.6140327096443
13735188	6	5	100	99.6140327096443
13735188	6	5	100	99.6140327096443
13735188	7	5	100	99.7698453409804
13735188	7	5	100	99.7698453409804
13735188	7	5	100	99.7698453409804
13735188	8	5	100	99.8604738642045
13735188	8	5	100	99.8604738642045
13735188	8	5	100	99.8604738642045
13735188	9	5	100	99.9131334351639
13735188	9	5	100	99.9131334351639
13735188	9	5	100	99.9131334351639
13735188	1	6	100	99.6725658806246
13735188	1	6	100	99.6725658806246
13735188	1	6	100	99.6725658806246
13735188	2	6	100	99.8039051234169
13735188	2	6	100	99.8039051234169
13735188	2	6	100	99.8039051234169
13735188	3	6	100	99.8802689549111
13735188	3	6	100	99.8802689549111
13735188	3	6	100	99.8802689549111
13735188	4	6	100	99.9246300088633
13735188	4	6	100	99.9246300088633
13735188	4	6	100	99.9246300088633
13735188	5	6	100	99.9503870374367
13735188	5	6	100	99.9503870374367
13735188	5	6	100	99.9503870374367
13735188	6	6	100	99.965337745908
13735188	6	6	100	99.965337745908
13735188	6	6	100	99.965337745908
13735188	7	6	100	99.9740144252456
13735188	7	6	100	99.9740144252456
13735188	7	6	100	99.9740144252456
13735188	8	6	100	99.9790494572548
13735188	8	6	100	99.9790494572548
13735188	8	6	100	99.9790494572548
13735188	9	6	100	99.9819710920008
13735188	9	6	100	99.9819710920008
13735188	9	6	100	99.9819710920008
13735188	1	7	100	99.9686002651788
13735188	1	7	100	99.9686002651788
13735188	1	7	100	99.9686002651788
13735188	2	7	100	99.9759076912928
13735188	2	7	100	99.9759076912928
13735188	2	7	100	99.9759076912928
13735188	3	7	100	99.9801480609625
13735188	3	7	100	99.9801480609625
13735188	3	7	100	99.9801480609625
13735188	4	7	100	99.9826085529146
13735188	4	7	100	99.9826085529146
13735188	4	7	100	99.9826085529146
13735188	5	7	100	99.9840362233287
13735188	5	7	100	99.9840362233287
13735188	5	7	100	99.9840362233287
13735188	6	7	100	99.9848645981324
13735188	6	7	100	99.9848645981324
13735188	6	7	100	99.9848645981324
13735188	7	7	100	99.985345240099
13735188	7	7	100	99.985345240099
13735188	7	7	100	99.985345240099
13735188	8	7	100	99.9856241180048
13735188	8	7	100	99.9856241180048
13735188	8	7	100	99.9856241180048
13735188	9	7	100	99.9857859279251
13735188	9	7	100	99.9857859279251
13735188	9	7	100	99.9857859279251
13735196	1	1	0	4.89095632168184
13735196	1	1	0	4.89095632168184
13735196	1	1	0	4.89095632168184
13735196	2	1	0	4.8940540070468
13735196	2	1	0	4.8940540070468
13735196	2	1	0	4.8940540070468
13735196	3	1	0	4.89913212599052
13735196	3	1	0	4.89913212599052
13735196	3	1	0	4.89913212599052
13735196	4	1	16.6666666666667	4.90745634155139
13735196	4	1	16.6666666666667	4.90745634155139
13735196	4	1	16.6666666666667	4.90745634155139
13735196	5	1	0	4.92110036938118
13735196	5	1	0	4.92110036938118
13735196	5	1	0	4.92110036938118
13735196	6	1	1.33333333333333	4.94346050306301
13735196	6	1	1.33333333333333	4.94346050306301
13735196	6	1	1.33333333333333	4.94346050306301
13735196	7	1	17	4.98009545393712
13735196	7	1	17	4.98009545393712
13735196	7	1	17	4.98009545393712
13735196	8	1	13.3333333333333	5.04009330134405
13735196	8	1	13.3333333333333	5.04009330134405
13735196	8	1	13.3333333333333	5.04009330134405
13735196	9	1	4.66666666666667	5.13828597171699
13735196	9	1	4.66666666666667	5.13828597171699
13735196	9	1	4.66666666666667	5.13828597171699
13735196	1	2	0.333333333333333	4.92441204176714
13735196	1	2	0.333333333333333	4.92441204176714
13735196	1	2	0.333333333333333	4.92441204176714
13735196	2	2	1.66666666666667	4.94888709400434
13735196	2	2	1.66666666666667	4.94888709400434
13735196	2	2	1.66666666666667	4.94888709400434
13735196	3	2	0	4.98898465984842
13735196	3	2	0	4.98898465984842
13735196	3	2	0	4.98898465984842
13735196	4	2	8.66666666666667	5.05464666031743
13735196	4	2	8.66666666666667	5.05464666031743
13735196	4	2	8.66666666666667	5.05464666031743
13735196	5	2	8	5.16209149978373
13735196	5	2	8	5.16209149978373
13735196	5	2	8	5.16209149978373
13735196	6	2	1.33333333333333	5.33769206325081
13735196	6	2	1.33333333333333	5.33769206325081
13735196	6	2	1.33333333333333	5.33769206325081
13735196	7	2	2.33333333333333	5.62410892305963
13735196	7	2	2.33333333333333	5.62410892305963
13735196	7	2	2.33333333333333	5.62410892305963
13735196	8	2	0	6.08975603410585
13735196	8	2	0	6.08975603410585
13735196	8	2	0	6.08975603410585
13735196	9	2	3	6.84279629599552
13735196	9	2	3	6.84279629599552
13735196	9	2	3	6.84279629599552
13735196	1	3	5.66666666666667	5.18813676736647
13735196	1	3	5.66666666666667	5.18813676736647
13735196	1	3	5.66666666666667	5.18813676736647
13735196	2	3	2.33333333333333	5.38021857295977
13735196	2	3	2.33333333333333	5.38021857295977
13735196	2	3	2.33333333333333	5.38021857295977
13735196	3	3	2.66666666666667	5.6933659913694
13735196	3	3	2.66666666666667	5.6933659913694
13735196	3	3	2.66666666666667	5.6933659913694
13735196	4	3	3.33333333333333	6.20207021091835
13735196	4	3	3.33333333333333	6.20207021091835
13735196	4	3	3.33333333333333	6.20207021091835
13735196	5	3	4	7.02369399894968
13735196	5	3	4	7.02369399894968
13735196	5	3	4	7.02369399894968
13735196	6	3	27	8.33842146034272
13735196	6	3	27	8.33842146034272
13735196	6	3	27	8.33842146034272
13735196	7	3	0	10.4111570203889
13735196	7	3	0	10.4111570203889
13735196	7	3	0	10.4111570203889
13735196	8	3	22	13.603571300236
13735196	8	3	22	13.603571300236
13735196	8	3	22	13.603571300236
13735196	9	3	3.66666666666667	18.3480103726825
13735196	9	3	3.66666666666667	18.3480103726825
13735196	9	3	3.66666666666667	18.3480103726825
13735196	1	4	0	7.22087439697835
13735196	1	4	0	7.22087439697835
13735196	2	4	8	8.65170413917083
13735196	2	4	8	8.65170413917083
13735196	2	4	8	8.65170413917083
13735196	3	4	52.6666666666667	10.8995227874242
13735196	3	4	52.6666666666667	10.8995227874242
13735196	3	4	52.6666666666667	10.8995227874242
13735196	4	4	7.33333333333333	14.3426778306297
13735196	4	4	7.33333333333333	14.3426778306297
13735196	4	4	7.33333333333333	14.3426778306297
13735196	5	4	52.3333333333333	19.417807434745
13735196	5	4	52.3333333333333	19.417807434745
13735196	5	4	52.3333333333333	19.417807434745
13735196	6	4	14	26.489677391014
13735196	6	4	14	26.489677391014
13735196	6	4	14	26.489677391014
13735196	7	4	45.6666666666667	35.6093758430257
13735196	7	4	45.6666666666667	35.6093758430257
13735196	7	4	45.6666666666667	35.6093758430257
13735196	8	4	32.6666666666667	46.2633518281298
13735196	8	4	32.6666666666667	46.2633518281298
13735196	8	4	32.6666666666667	46.2633518281298
13735196	9	4	86.3333333333333	57.3629472808037
13735196	9	4	86.3333333333333	57.3629472808037
13735196	9	4	86.3333333333333	57.3629472808037
13735196	1	5	0	20.5553050284138
13735196	1	5	0	20.5553050284138
13735196	1	5	0	20.5553050284138
13735196	2	5	0	28.0119995110967
13735196	2	5	0	28.0119995110967
13735196	2	5	0	28.0119995110967
13735196	3	5	39	37.4699521410567
13735196	3	5	39	37.4699521410567
13735196	3	5	39	37.4699521410567
13735196	4	5	83.3333333333333	48.2997402436446
13735196	4	5	83.3333333333333	48.2997402436446
13735196	4	5	83.3333333333333	48.2997402436446
13735196	5	5	25.6666666666667	59.3388026433526
13735196	5	5	25.6666666666667	59.3388026433526
13735196	5	5	25.6666666666667	59.3388026433526
13735196	6	5	51.3333333333333	69.3345059298567
13735196	6	5	51.3333333333333	69.3345059298567
13735196	6	5	51.3333333333333	69.3345059298567
13735196	7	5	94.3333333333333	77.4604166667631
13735196	7	5	94.3333333333333	77.4604166667631
13735196	7	5	94.3333333333333	77.4604166667631
13735196	8	5	43	83.5067436350196
13735196	8	5	43	83.5067436350196
13735196	9	5	47.3333333333333	87.7158529056844
13735196	9	5	47.3333333333333	87.7158529056844
13735196	9	5	47.3333333333333	87.7158529056844
13735196	1	6	57.6666666666667	61.2784203940024
13735196	1	6	57.6666666666667	61.2784203940024
13735196	1	6	57.6666666666667	61.2784203940024
13735196	2	6	71.6666666666667	70.9755344958175
13735196	2	6	71.6666666666667	70.9755344958175
13735196	2	6	71.6666666666667	70.9755344958175
13735196	3	6	100	78.7196428878167
13735196	3	6	100	78.7196428878167
13735196	3	6	100	78.7196428878167
13735196	4	6	98.3333333333333	84.4028456415731
13735196	4	6	98.3333333333333	84.4028456415731
13735196	4	6	98.3333333333333	84.4028456415731
13735196	5	6	99.3333333333333	88.3200611470061
13735196	5	6	99.3333333333333	88.3200611470061
13735196	5	6	99.3333333333333	88.3200611470061
13735196	6	6	93	90.9047400421404
13735196	6	6	93	90.9047400421404
13735196	6	6	93	90.9047400421404
13735196	7	6	98	92.5614107872568
13735196	7	6	98	92.5614107872568
13735196	7	6	98	92.5614107872568
13735196	8	6	100	93.6036036589088
13735196	8	6	100	93.6036036589088
13735196	8	6	100	93.6036036589088
13735196	9	6	69.6666666666667	94.251544804109
13735196	9	6	69.6666666666667	94.251544804109
13735196	9	6	69.6666666666667	94.251544804109
13735196	1	7	97.6666666666667	88.8797614692448
13735196	1	7	97.6666666666667	88.8797614692448
13735196	1	7	97.6666666666667	88.8797614692448
13735196	2	7	97	91.2667080313691
13735196	2	7	97	91.2667080313691
13735196	2	7	97	91.2667080313691
13735196	3	7	98.3333333333333	92.7904152787955
13735196	3	7	98.3333333333333	92.7904152787955
13735196	3	7	98.3333333333333	92.7904152787955
13735196	4	7	100	93.7464829010659
13735196	4	7	100	93.7464829010659
13735196	4	7	100	93.7464829010659
13735196	5	7	94.3333333333333	94.3399169285532
13735196	5	7	94.3333333333333	94.3399169285532
13735196	5	7	94.3333333333333	94.3399169285532
13735196	6	7	89.3333333333333	94.7057904427294
13735196	6	7	89.3333333333333	94.7057904427294
13735196	6	7	89.3333333333333	94.7057904427294
13735196	7	7	98.6666666666667	94.9304286437859
13735196	7	7	98.6666666666667	94.9304286437859
13735196	7	7	98.6666666666667	94.9304286437859
13735196	8	7	100	95.0679995474363
13735196	8	7	100	95.0679995474363
13735196	8	7	100	95.0679995474363
13735196	9	7	96.6666666666667	95.1521176874131
13735196	9	7	96.6666666666667	95.1521176874131
13735196	9	7	96.6666666666667	95.1521176874131
13735208	1	1	31.6666666666667	16.5227254023708
13735208	1	1	31.6666666666667	16.5227254023708
13735208	1	1	31.6666666666667	16.5227254023708
13735208	2	1	7.33333333333333	16.7076367976936
13735208	2	1	7.33333333333333	16.7076367976936
13735208	2	1	7.33333333333333	16.7076367976936
13735208	3	1	14.3333333333333	16.9768707499218
13735208	3	1	14.3333333333333	16.9768707499218
13735208	3	1	14.3333333333333	16.9768707499218
13735208	4	1	19.6666666666667	17.3675696851283
13735208	4	1	19.6666666666667	17.3675696851283
13735208	4	1	19.6666666666667	17.3675696851283
13735208	5	1	29	17.9317872589709
13735208	5	1	29	17.9317872589709
13735208	5	1	29	17.9317872589709
13735208	6	1	29	18.7409018274198
13735208	6	1	29	18.7409018274198
13735208	6	1	29	18.7409018274198
13735208	7	1	24.3333333333333	19.8896349323502
13735208	7	1	24.3333333333333	19.8896349323502
13735208	7	1	24.3333333333333	19.8896349323502
13735208	8	1	44.3333333333333	21.4975355786729
13735208	8	1	44.3333333333333	21.4975355786729
13735208	8	1	44.3333333333333	21.4975355786729
13735208	9	1	25.6666666666667	23.7039580798345
13735208	9	1	25.6666666666667	23.7039580798345
13735208	9	1	25.6666666666667	23.7039580798345
13735208	1	2	10.3333333333333	17.4275756430681
13735208	1	2	10.3333333333333	17.4275756430681
13735208	1	2	10.3333333333333	17.4275756430681
13735208	2	2	11	18.0181568401046
13735208	2	2	11	18.0181568401046
13735208	2	2	11	18.0181568401046
13735208	3	2	8	18.8641714386895
13735208	3	2	8	18.8641714386895
13735208	3	2	8	18.8641714386895
13735208	4	2	15.3333333333333	20.0634615712711
13735208	4	2	15.3333333333333	20.0634615712711
13735208	4	2	15.3333333333333	20.0634615712711
13735208	5	2	10	21.7385283164568
13735208	5	2	10	21.7385283164568
13735208	5	2	10	21.7385283164568
13735208	6	2	19.3333333333333	24.0303106623479
13735208	6	2	19.3333333333333	24.0303106623479
13735208	6	2	19.3333333333333	24.0303106623479
13735208	7	2	18	27.0788571875698
13735208	7	2	18	27.0788571875698
13735208	7	2	18	27.0788571875698
13735208	8	2	37	30.9857287831294
13735208	8	2	37	30.9857287831294
13735208	8	2	37	30.9857287831294
13735208	9	2	20.3333333333333	35.7602807105497
13735208	9	2	20.3333333333333	35.7602807105497
13735208	9	2	20.3333333333333	35.7602807105497
13735208	1	3	10.3333333333333	20.2447516150234
13735208	1	3	10.3333333333333	20.2447516150234
13735208	1	3	10.3333333333333	20.2447516150234
13735208	2	3	23.6666666666667	21.9892269441384
13735208	2	3	23.6666666666667	21.9892269441384
13735208	2	3	23.6666666666667	21.9892269441384
13735208	3	3	33.3333333333333	24.3686223426158
13735208	3	3	33.3333333333333	24.3686223426158
13735208	3	3	33.3333333333333	24.3686223426158
13735208	4	3	16.3333333333333	27.5206218086518
13735208	4	3	16.3333333333333	27.5206218086518
13735208	4	3	16.3333333333333	27.5206218086518
13735208	5	3	35.3333333333333	31.5383797519734
13735208	5	3	35.3333333333333	31.5383797519734
13735208	5	3	35.3333333333333	31.5383797519734
13735208	6	3	63	36.4156524074259
13735208	6	3	63	36.4156524074259
13735208	6	3	63	36.4156524074259
13735208	7	3	41.3333333333333	41.997282871454
13735208	7	3	41.3333333333333	41.997282871454
13735208	7	3	41.3333333333333	41.997282871454
13735208	8	3	59.3333333333333	47.9698248963199
13735208	8	3	59.3333333333333	47.9698248963199
13735208	8	3	59.3333333333333	47.9698248963199
13735208	9	3	56.6666666666667	53.9182095727098
13735208	9	3	56.6666666666667	53.9182095727098
13735208	9	3	56.6666666666667	53.9182095727098
13735208	1	4	33.3333333333333	27.9761435290116
13735208	1	4	33.3333333333333	27.9761435290116
13735208	1	4	33.3333333333333	27.9761435290116
13735208	2	4	23	32.1047601234476
13735208	2	4	23	32.1047601234476
13735208	2	4	23	32.1047601234476
13735208	3	4	29.3333333333333	37.0823287761881
13735208	3	4	29.3333333333333	37.0823287761881
13735208	3	4	29.3333333333333	37.0823287761881
13735208	4	4	34.3333333333333	42.73312495835
13735208	4	4	34.3333333333333	42.73312495835
13735208	4	4	34.3333333333333	42.73312495835
13735208	5	4	42.6666666666667	48.7264313323254
13735208	5	4	42.6666666666667	48.7264313323254
13735208	5	4	42.6666666666667	48.7264313323254
13735208	6	4	49	54.641509582444
13735208	6	4	49	54.641509582444
13735208	6	4	49	54.641509582444
13735208	7	4	65	60.0788382648002
13735208	7	4	65	60.0788382648002
13735208	7	4	65	60.0788382648002
13735208	8	4	61	64.7600159767661
13735208	8	4	61	64.7600159767661
13735208	8	4	61	64.7600159767661
13735208	9	4	49.6666666666667	68.5681872598465
13735208	9	4	49.6666666666667	68.5681872598465
13735208	9	4	49.6666666666667	68.5681872598465
13735208	1	5	45.3333333333333	43.4744841429241
13735208	1	5	45.3333333333333	43.4744841429241
13735208	1	5	45.3333333333333	43.4744841429241
13735208	2	5	45.3333333333333	49.4817766625364
13735208	2	5	45.3333333333333	49.4817766625364
13735208	2	5	45.3333333333333	49.4817766625364
13735208	3	5	65	55.3571209452016
13735208	3	5	65	55.3571209452016
13735208	3	5	65	55.3571209452016
13735208	4	5	56.3333333333333	60.7116236873989
13735208	4	5	56.3333333333333	60.7116236873989
13735208	4	5	56.3333333333333	60.7116236873989
13735208	5	5	71	65.2863928631092
13735208	5	5	71	65.2863928631092
13735208	5	5	71	65.2863928631092
13735208	6	5	74.6666666666667	68.9842931042391
13735208	6	5	74.6666666666667	68.9842931042391
13735208	6	5	74.6666666666667	68.9842931042391
13735208	7	5	74	71.8418014966978
13735208	7	5	74	71.8418014966978
13735208	7	5	74	71.8418014966978
13735208	8	5	70.3333333333333	73.9740277848442
13735208	8	5	70.3333333333333	73.9740277848442
13735208	8	5	70.3333333333333	73.9740277848442
13735208	9	5	66.3333333333333	75.5239043813136
13735208	9	5	66.3333333333333	75.5239043813136
13735208	9	5	66.3333333333333	75.5239043813136
13735208	1	6	73	61.3319148663751
13735208	1	6	73	61.3319148663751
13735208	1	6	73	61.3319148663751
13735208	2	6	70	65.7987895480111
13735208	2	6	70	65.7987895480111
13735208	2	6	70	65.7987895480111
13735208	3	6	58.6666666666667	69.3870696554521
13735208	3	6	58.6666666666667	69.3870696554521
13735208	3	6	58.6666666666667	69.3870696554521
13735208	4	6	82.3333333333333	72.1462646105426
13735208	4	6	82.3333333333333	72.1462646105426
13735208	4	6	82.3333333333333	72.1462646105426
13735208	5	6	75.3333333333333	74.197453539949
13735208	5	6	75.3333333333333	74.197453539949
13735208	5	6	75.3333333333333	74.197453539949
13735208	6	6	83.3333333333333	75.6843275200623
13735208	6	6	83.3333333333333	75.6843275200623
13735208	6	6	83.3333333333333	75.6843275200623
13735208	7	6	73.3333333333333	76.7425433802713
13735208	7	6	73.3333333333333	76.7425433802713
13735208	7	6	73.3333333333333	76.7425433802713
13735208	8	6	72	77.485884683765
13735208	8	6	72	77.485884683765
13735208	8	6	72	77.485884683765
13735208	9	6	83	78.0032535668364
13735208	9	6	83	78.0032535668364
13735208	9	6	83	78.0032535668364
13735208	1	7	66	72.4395569245634
13735208	1	7	66	72.4395569245634
13735208	1	7	66	72.4395569245634
13735208	2	7	78	74.4120094615132
13735208	2	7	78	74.4120094615132
13735208	2	7	78	74.4120094615132
13735208	3	7	55.6666666666667	75.8380329845088
13735208	3	7	55.6666666666667	75.8380329845088
13735208	3	7	55.6666666666667	75.8380329845088
13735208	4	7	84.6666666666667	76.8510148686112
13735208	4	7	84.6666666666667	76.8510148686112
13735208	4	7	84.6666666666667	76.8510148686112
13735208	5	7	86.3333333333333	77.5616261533746
13735208	5	7	86.3333333333333	77.5616261533746
13735208	5	7	86.3333333333333	77.5616261533746
13735208	6	7	84	78.0557502104577
13735208	6	7	84	78.0557502104577
13735208	6	7	84	78.0557502104577
13735208	7	7	73	78.397238295378
13735208	7	7	73	78.397238295378
13735208	7	7	73	78.397238295378
13735208	8	7	78.6666666666667	78.6322405597063
13735208	8	7	78.6666666666667	78.6322405597063
13735208	8	7	78.6666666666667	78.6322405597063
13735208	9	7	85.3333333333333	78.7934904233118
13735208	9	7	85.3333333333333	78.7934904233118
13735208	9	7	85.3333333333333	78.7934904233118
13735219	1	1	0	4.74762573912712
13735219	1	1	0	4.74762573912712
13735219	1	1	0	4.74762573912712
13735219	2	1	15	4.83931395497137
13735219	2	1	15	4.83931395497137
13735219	2	1	15	4.83931395497137
13735219	3	1	10	4.99030142691518
13735219	3	1	10	4.99030142691518
13735219	3	1	10	4.99030142691518
13735219	4	1	3.33333333333333	5.23851365406331
13735219	4	1	3.33333333333333	5.23851365406331
13735219	4	1	3.33333333333333	5.23851365406331
13735219	5	1	13.3333333333333	5.64540753628537
13735219	5	1	13.3333333333333	5.64540753628537
13735219	5	1	13.3333333333333	5.64540753628537
13735219	6	1	15	6.30935545094285
13735219	6	1	15	6.30935545094285
13735219	6	1	15	6.30935545094285
13735219	7	1	13.3333333333333	7.38463092411069
13735219	7	1	13.3333333333333	7.38463092411069
13735219	7	1	13.3333333333333	7.38463092411069
13735219	8	1	8.33333333333333	9.10501956407278
13735219	8	1	8.33333333333333	9.10501956407278
13735219	8	1	8.33333333333333	9.10501956407278
13735219	9	1	13.3333333333333	11.8047346242342
13735219	9	1	13.3333333333333	11.8047346242342
13735219	9	1	13.3333333333333	11.8047346242342
13735219	1	2	0	5.25905357585616
13735219	1	2	0	5.25905357585616
13735219	1	2	0	5.25905357585616
13735219	2	2	0	5.67901479290032
13735219	2	2	0	5.67901479290032
13735219	2	2	0	5.67901479290032
13735219	3	2	0	6.36402417952322
13735219	3	2	0	6.36402417952322
13735219	3	2	0	6.36402417952322
13735219	4	2	0	7.47272278169902
13735219	4	2	0	7.47272278169902
13735219	4	2	0	7.47272278169902
13735219	5	2	0	9.24482395551916
13735219	5	2	0	9.24482395551916
13735219	5	2	0	9.24482395551916
13735219	6	2	13.3333333333333	12.0213235418414
13735219	6	2	13.3333333333333	12.0213235418414
13735219	6	2	13.3333333333333	12.0213235418414
13735219	7	2	6.66666666666667	16.2383352265769
13735219	7	2	6.66666666666667	16.2383352265769
13735219	7	2	6.66666666666667	16.2383352265769
13735219	8	2	0	22.3501045569895
13735219	8	2	0	22.3501045569895
13735219	8	2	0	22.3501045569895
13735219	9	2	11.6666666666667	30.6322750779142
13735219	9	2	11.6666666666667	30.6322750779142
13735219	9	2	11.6666666666667	30.6322750779142
13735219	1	3	0	7.56351524194074
13735219	1	3	0	7.56351524194074
13735219	1	3	0	7.56351524194074
13735219	2	3	3.33333333333333	9.38873545574175
13735219	2	3	3.33333333333333	9.38873545574175
13735219	2	3	3.33333333333333	9.38873545574175
13735219	3	3	33.3333333333333	12.2438419399943
13735219	3	3	33.3333333333333	12.2438419399943
13735219	3	3	33.3333333333333	12.2438419399943
13735219	4	3	33.3333333333333	16.5694904489816
13735219	4	3	33.3333333333333	16.5694904489816
13735219	4	3	33.3333333333333	16.5694904489816
13735219	5	3	26.6666666666667	22.8157981033969
13735219	5	3	26.6666666666667	22.8157981033969
13735219	5	3	26.6666666666667	22.8157981033969
13735219	6	3	40	31.2373026068676
13735219	6	3	40	31.2373026068676
13735219	6	3	40	31.2373026068676
13735219	7	3	46.6666666666667	41.5990483828575
13735219	7	3	46.6666666666667	41.5990483828575
13735219	7	3	46.6666666666667	41.5990483828575
13735219	8	3	80	53.0040204886625
13735219	8	3	80	53.0040204886625
13735219	8	3	80	53.0040204886625
13735219	9	3	83.3333333333333	64.1159190371624
13735219	9	3	83.3333333333333	64.1159190371624
13735219	9	3	83.3333333333333	64.1159190371624
13735219	1	4	21.6666666666667	16.9086290087157
13735219	1	4	21.6666666666667	16.9086290087157
13735219	1	4	21.6666666666667	16.9086290087157
13735219	2	4	27.5	23.290635533093
13735219	2	4	27.5	23.290635533093
13735219	3	4	38.3333333333333	31.8505803545603
13735219	3	4	38.3333333333333	31.8505803545603
13735219	3	4	38.3333333333333	31.8505803545603
13735219	4	4	35	42.3131421879216
13735219	4	4	35	42.3131421879216
13735219	4	4	35	42.3131421879216
13735219	5	4	48.3333333333333	53.7413445124109
13735219	5	4	48.3333333333333	53.7413445124109
13735219	5	4	48.3333333333333	53.7413445124109
13735219	6	4	71.6666666666667	64.7884625362517
13735219	6	4	71.6666666666667	64.7884625362517
13735219	6	4	71.6666666666667	64.7884625362517
13735219	7	4	81.6666666666667	74.2752734154811
13735219	7	4	81.6666666666667	74.2752734154811
13735219	7	4	81.6666666666667	74.2752734154811
13735219	8	4	50	81.6287519765996
13735219	8	4	50	81.6287519765996
13735219	8	4	50	81.6287519765996
13735219	9	4	100	86.8887240708531
13735219	9	4	100	86.8887240708531
13735219	9	4	100	86.8887240708531
13735219	1	5	15	43.0313781055329
13735219	1	5	15	43.0313781055329
13735219	1	5	15	43.0313781055329
13735219	2	5	68.3333333333333	54.4770311715149
13735219	2	5	68.3333333333333	54.4770311715149
13735219	2	5	68.3333333333333	54.4770311715149
13735219	3	5	46.6666666666667	65.4543386633806
13735219	3	5	46.6666666666667	65.4543386633806
13735219	3	5	46.6666666666667	65.4543386633806
13735219	4	5	60	74.8139473902057
13735219	4	5	60	74.8139473902057
13735219	4	5	60	74.8139473902057
13735219	5	5	51.6666666666667	82.0264896312941
13735219	5	5	51.6666666666667	82.0264896312941
13735219	5	5	51.6666666666667	82.0264896312941
13735219	6	5	73.3333333333333	87.1631392805081
13735219	6	5	73.3333333333333	87.1631392805081
13735219	6	5	73.3333333333333	87.1631392805081
13735219	7	5	88.3333333333333	90.6194555755806
13735219	7	5	88.3333333333333	90.6194555755806
13735219	7	5	88.3333333333333	90.6194555755806
13735219	8	5	91.6666666666667	92.8571573418166
13735219	8	5	91.6666666666667	92.8571573418166
13735219	8	5	91.6666666666667	92.8571573418166
13735219	9	5	78.3333333333333	94.2699438466965
13735219	9	5	78.3333333333333	94.2699438466965
13735219	9	5	78.3333333333333	94.2699438466965
13735219	1	6	100	75.3435478865908
13735219	1	6	100	75.3435478865908
13735219	1	6	100	75.3435478865908
13735219	2	6	96.6666666666667	82.4155565184504
13735219	2	6	96.6666666666667	82.4155565184504
13735219	2	6	96.6666666666667	82.4155565184504
13735219	3	6	100	87.4306077228626
13735219	3	6	100	87.4306077228626
13735219	3	6	100	87.4306077228626
13735219	4	6	96.6666666666667	90.7950861749986
13735219	4	6	96.6666666666667	90.7950861749986
13735219	4	6	96.6666666666667	90.7950861749986
13735219	5	6	83.3333333333333	92.969048436801
13735219	5	6	83.3333333333333	92.969048436801
13735219	5	6	83.3333333333333	92.969048436801
13735219	6	6	83	94.3398638592723
13735219	6	6	83	94.3398638592723
13735219	6	6	83	94.3398638592723
13735219	7	6	83.3333333333333	95.1909770543829
13735219	7	6	83.3333333333333	95.1909770543829
13735219	7	6	83.3333333333333	95.1909770543829
13735219	8	6	100	95.7143508475672
13735219	8	6	100	95.7143508475672
13735219	8	6	100	95.7143508475672
13735219	9	6	100	96.0342839527101
13735219	9	6	100	96.0342839527101
13735219	9	6	100	96.0342839527101
13735219	1	7	100	90.9658355927776
13735219	1	7	100	90.9658355927776
13735219	1	7	100	90.9658355927776
13735219	2	7	100	93.0776642215661
13735219	2	7	100	93.0776642215661
13735219	2	7	100	93.0776642215661
13735219	3	7	100	94.4076719809201
13735219	3	7	100	94.4076719809201
13735219	3	7	100	94.4076719809201
13735219	4	7	100	95.2328156078912
13735219	4	7	100	95.2328156078912
13735219	4	7	100	95.2328156078912
13735219	5	7	100	95.7399794607214
13735219	5	7	100	95.7399794607214
13735219	5	7	100	95.7399794607214
13735219	6	7	100	96.0499134414397
13735219	6	7	100	96.0499134414397
13735219	6	7	100	96.0499134414397
13735219	7	7	100	96.2386525627781
13735219	7	7	100	96.2386525627781
13735219	7	7	100	96.2386525627781
13735219	8	7	100	96.353342000146
13735219	8	7	100	96.353342000146
13735219	8	7	100	96.353342000146
13735219	9	7	100	96.4229435320521
13735219	9	7	100	96.4229435320521
13735219	9	7	100	96.4229435320521
13735222	1	1	0	0.167105599052525
13735222	1	1	0	0.167105599052525
13735222	1	1	0	0.167105599052525
13735222	2	1	0	0.167246261828893
13735222	2	1	0	0.167246261828893
13735222	2	1	0	0.167246261828893
13735222	3	1	0	0.167544207767593
13735222	3	1	0	0.167544207767593
13735222	3	1	0	0.167544207767593
13735222	4	1	0	0.168175301032693
13735222	4	1	0	0.168175301032693
13735222	4	1	0	0.168175301032693
13735222	5	1	0.333333333333333	0.169512034869899
13735222	5	1	0.333333333333333	0.169512034869899
13735222	5	1	0.333333333333333	0.169512034869899
13735222	6	1	0	0.172343338372693
13735222	6	1	0	0.172343338372693
13735222	6	1	0	0.172343338372693
13735222	7	1	0	0.178339963741802
13735222	7	1	0	0.178339963741802
13735222	7	1	0	0.178339963741802
13735222	8	1	0.666666666666667	0.191039356283939
13735222	8	1	0.666666666666667	0.191039356283939
13735222	8	1	0.666666666666667	0.191039356283939
13735222	9	1	0	0.217927747841678
13735222	9	1	0	0.217927747841678
13735222	9	1	0	0.217927747841678
13735222	1	2	0.333333333333333	0.174419593575637
13735222	1	2	0.333333333333333	0.174419593575637
13735222	1	2	0.333333333333333	0.174419593575637
13735222	2	2	0.666666666666667	0.182737166663885
13735222	2	2	0.666666666666667	0.182737166663885
13735222	2	2	0.666666666666667	0.182737166663885
13735222	3	2	0	0.200350439147865
13735222	3	2	0	0.200350439147865
13735222	3	2	0	0.200350439147865
13735222	4	2	0	0.237637049315315
13735222	4	2	0	0.237637049315315
13735222	4	2	0	0.237637049315315
13735222	5	2	0	0.316521129308087
13735222	5	2	0	0.316521129308087
13735222	5	2	0	0.316521129308087
13735222	6	2	0	0.483184940674098
13735222	6	2	0	0.483184940674098
13735222	6	2	0	0.483184940674098
13735222	7	2	0	0.834307897961342
13735222	7	2	0	0.834307897961342
13735222	7	2	0	0.834307897961342
13735222	8	2	0	1.5696363989942
13735222	8	2	0	1.5696363989942
13735222	8	2	0	1.5696363989942
13735222	9	2	0	3.09048219834061
13735222	9	2	0	3.09048219834061
13735222	9	2	0	3.09048219834061
13735222	1	3	0.333333333333333	0.605042949999126
13735222	1	3	0.333333333333333	0.605042949999126
13735222	1	3	0.333333333333333	0.605042949999126
13735222	2	3	0	1.09018043717048
13735222	2	3	0	1.09018043717048
13735222	2	3	0	1.09018043717048
13735222	3	3	4	2.10175726951891
13735222	3	3	4	2.10175726951891
13735222	3	3	4	2.10175726951891
13735222	4	3	0.333333333333333	4.17522024273979
13735222	4	3	0.333333333333333	4.17522024273979
13735222	4	3	0.333333333333333	4.17522024273979
13735222	5	3	34	8.27995599959648
13735222	5	3	34	8.27995599959648
13735222	5	3	34	8.27995599959648
13735222	6	3	0.666666666666667	15.8737248310607
13735222	6	3	0.666666666666667	15.8737248310607
13735222	6	3	0.666666666666667	15.8737248310607
13735222	7	3	67.6666666666667	28.3098609261176
13735222	7	3	67.6666666666667	28.3098609261176
13735222	7	3	67.6666666666667	28.3098609261176
13735222	8	3	33.3333333333333	45.109282722315
13735222	8	3	33.3333333333333	45.109282722315
13735222	8	3	33.3333333333333	45.109282722315
13735222	9	3	33.3333333333333	62.7446725555493
13735222	9	3	33.3333333333333	62.7446725555493
13735222	9	3	33.3333333333333	62.7446725555493
13735222	1	4	0	20.6617655617676
13735222	1	4	0	20.6617655617676
13735222	1	4	0	20.6617655617676
13735222	2	4	0.333333333333333	35.2413478863137
13735222	2	4	0.333333333333333	35.2413478863137
13735222	2	4	0.333333333333333	35.2413478863137
13735222	3	4	100	52.9776524798453
13735222	3	4	100	52.9776524798453
13735222	3	4	100	52.9776524798453
13735222	4	4	66.6666666666667	69.5390848619767
13735222	4	4	66.6666666666667	69.5390848619767
13735222	4	4	66.6666666666667	69.5390848619767
13735222	5	4	100	81.5946620851325
13735222	5	4	100	81.5946620851325
13735222	5	4	100	81.5946620851325
13735222	6	4	100	88.8723383220571
13735222	6	4	100	88.8723383220571
13735222	6	4	100	88.8723383220571
13735222	7	4	99.6666666666667	92.780145503772
13735222	7	4	99.6666666666667	92.780145503772
13735222	7	4	99.6666666666667	92.780145503772
13735222	8	4	100	94.7472320987512
13735222	8	4	100	94.7472320987512
13735222	8	4	100	94.7472320987512
13735222	9	4	100	95.7052371614725
13735222	9	4	100	95.7052371614725
13735222	9	4	100	95.7052371614725
13735222	1	5	66.6666666666667	90.8963157888042
13735222	1	5	66.6666666666667	90.8963157888042
13735222	1	5	66.6666666666667	90.8963157888042
13735222	2	5	99.6666666666667	93.8098084347014
13735222	2	5	99.6666666666667	93.8098084347014
13735222	2	5	99.6666666666667	93.8098084347014
13735222	3	5	99.3333333333333	95.2513092128369
13735222	3	5	99.3333333333333	95.2513092128369
13735222	3	5	99.3333333333333	95.2513092128369
13735222	4	5	100	95.9473853869005
13735222	4	5	100	95.9473853869005
13735222	4	5	100	95.9473853869005
13735222	5	5	33	96.2795610427215
13735222	5	5	33	96.2795610427215
13735222	5	5	33	96.2795610427215
13735222	6	5	67	96.4371851962087
13735222	6	5	67	96.4371851962087
13735222	6	5	67	96.4371851962087
13735222	7	5	99.3333333333333	96.5117803386594
13735222	7	5	99.3333333333333	96.5117803386594
13735222	7	5	99.3333333333333	96.5117803386594
13735222	8	5	100	96.5470373560635
13735222	8	5	100	96.5470373560635
13735222	8	5	100	96.5470373560635
13735222	9	5	100	96.5636913823742
13735222	9	5	100	96.5636913823742
13735222	9	5	100	96.5636913823742
13735222	1	6	99.6666666666667	96.4766081822521
13735222	1	6	99.6666666666667	96.4766081822521
13735222	1	6	99.6666666666667	96.4766081822521
13735222	2	6	100	96.5304170043465
13735222	2	6	100	96.5304170043465
13735222	2	6	100	96.5304170043465
13735222	3	6	100	96.5558413842036
13735222	3	6	100	96.5558413842036
13735222	3	6	100	96.5558413842036
13735222	4	6	100	96.5678490550763
13735222	4	6	100	96.5678490550763
13735222	4	6	100	96.5678490550763
13735222	5	6	99.3333333333333	96.5735189910761
13735222	5	6	99.3333333333333	96.5735189910761
13735222	5	6	99.3333333333333	96.5735189910761
13735222	6	6	100	96.5761960350094
13735222	6	6	100	96.5761960350094
13735222	6	6	100	96.5761960350094
13735222	7	6	100	96.5774599358155
13735222	7	6	100	96.5774599358155
13735222	7	6	100	96.5774599358155
13735222	8	6	100	96.5780566427869
13735222	8	6	100	96.5780566427869
13735222	8	6	100	96.5780566427869
13735222	9	6	99.6666666666667	96.5783383544374
13735222	9	6	99.6666666666667	96.5783383544374
13735222	9	6	99.6666666666667	96.5783383544374
13735222	1	7	99.6666666666667	96.576864237132
13735222	1	7	99.6666666666667	96.576864237132
13735222	1	7	99.6666666666667	96.576864237132
13735222	2	7	99.6666666666667	96.5777754053235
13735222	2	7	99.6666666666667	96.5777754053235
13735222	2	7	99.6666666666667	96.5777754053235
13735222	3	7	100	96.578205579496
13735222	3	7	100	96.578205579496
13735222	3	7	100	96.578205579496
13735222	4	7	100	96.5784086687405
13735222	4	7	100	96.5784086687405
13735222	4	7	100	96.5784086687405
13735222	5	7	100	96.5785045487372
13735222	5	7	100	96.5785045487372
13735222	5	7	100	96.5785045487372
13735222	6	7	100	96.578549814348
13735222	6	7	100	96.578549814348
13735222	6	7	100	96.578549814348
13735222	7	7	100	96.5785711845401
13735222	7	7	100	96.5785711845401
13735222	7	7	100	96.5785711845401
13735222	8	7	100	96.5785812735444
13735222	8	7	100	96.5785812735444
13735222	8	7	100	96.5785812735444
13735222	9	7	100	96.578586036627
13735222	9	7	100	96.578586036627
13735222	9	7	100	96.578586036627
13735225	1	1	39.6666666666667	33.5749623298569
13735225	1	1	39.6666666666667	33.5749623298569
13735225	1	1	39.6666666666667	33.5749623298569
13735225	2	1	41.3333333333333	33.6624104692825
13735225	2	1	41.3333333333333	33.6624104692825
13735225	2	1	41.3333333333333	33.6624104692825
13735225	3	1	36.3333333333333	33.8528125990117
13735225	3	1	36.3333333333333	33.8528125990117
13735225	3	1	36.3333333333333	33.8528125990117
13735225	4	1	36.6666666666667	34.255051320173
13735225	4	1	36.6666666666667	34.255051320173
13735225	4	1	36.6666666666667	34.255051320173
13735225	5	1	46	35.0531421649712
13735225	5	1	46	35.0531421649712
13735225	5	1	46	35.0531421649712
13735225	6	1	45.6666666666667	36.4564002943183
13735225	6	1	45.6666666666667	36.4564002943183
13735225	6	1	45.6666666666667	36.4564002943183
13735225	7	1	37.6666666666667	38.4691240061753
13735225	7	1	37.6666666666667	38.4691240061753
13735225	7	1	37.6666666666667	38.4691240061753
13735225	8	1	45.6666666666667	40.6496446279043
13735225	8	1	45.6666666666667	40.6496446279043
13735225	8	1	45.6666666666667	40.6496446279043
13735225	9	1	39.6666666666667	42.3982659307026
13735225	9	1	39.6666666666667	42.3982659307026
13735225	9	1	39.6666666666667	42.3982659307026
13735225	1	2	18.6666666666667	33.7265181146909
13735225	1	2	18.6666666666667	33.7265181146909
13735225	1	2	18.6666666666667	33.7265181146909
13735225	2	2	34	33.9901002732496
13735225	2	2	34	33.9901002732496
13735225	2	2	34	33.9901002732496
13735225	3	2	30.6666666666667	34.5350584136826
13735225	3	2	30.6666666666667	34.5350584136826
13735225	3	2	30.6666666666667	34.5350584136826
13735225	4	2	24.6666666666667	35.5709083910638
13735225	4	2	24.6666666666667	35.5709083910638
13735225	4	2	24.6666666666667	35.5709083910638
13735225	5	2	32.6666666666667	37.2584873673416
13735225	5	2	32.6666666666667	37.2584873673416
13735225	5	2	32.6666666666667	37.2584873673416
13735225	6	2	26.6666666666667	39.4205870364224
13735225	6	2	26.6666666666667	39.4205870364224
13735225	6	2	26.6666666666667	39.4205870364224
13735225	7	2	38.6666666666667	41.4755358506768
13735225	7	2	38.6666666666667	41.4755358506768
13735225	7	2	38.6666666666667	41.4755358506768
13735225	8	2	46.6666666666667	42.9432183637054
13735225	8	2	46.6666666666667	42.9432183637054
13735225	8	2	46.6666666666667	42.9432183637054
13735225	9	2	44.3333333333333	43.7911610366349
13735225	9	2	44.3333333333333	43.7911610366349
13735225	9	2	44.3333333333333	43.7911610366349
13735225	1	3	27	34.1778903527335
13735225	1	3	27	34.1778903527335
13735225	1	3	27	34.1778903527335
13735225	2	3	34.3333333333333	34.905192236643
13735225	2	3	34.3333333333333	34.905192236643
13735225	2	3	34.3333333333333	34.905192236643
13735225	3	3	43	36.2125313755171
13735225	3	3	43	36.2125313755171
13735225	3	3	43	36.2125313755171
13735225	4	3	46.3333333333333	38.1539862785459
13735225	4	3	46.3333333333333	38.1539862785459
13735225	4	3	46.3333333333333	38.1539862785459
13735225	5	3	42	40.3507073370514
13735225	5	3	42	40.3507073370514
13735225	5	3	42	40.3507073370514
13735225	6	3	41	42.1870115676555
13735225	6	3	41	42.1870115676555
13735225	6	3	41	42.1870115676555
13735225	7	3	47.3333333333333	43.3718507891408
13735225	7	3	47.3333333333333	43.3718507891408
13735225	7	3	47.3333333333333	43.3718507891408
13735225	8	3	37	44.0139056184854
13735225	8	3	37	44.0139056184854
13735225	8	3	37	44.0139056184854
13735225	9	3	45.6666666666667	44.3292434495228
13735225	9	3	45.6666666666667	44.3292434495228
13735225	9	3	45.6666666666667	44.3292434495228
13735225	1	4	34.3333333333333	35.3832738403804
13735225	1	4	34.3333333333333	35.3832738403804
13735225	1	4	34.3333333333333	35.3832738403804
13735225	2	4	34.3333333333333	36.976640946636
13735225	2	4	34.3333333333333	36.976640946636
13735225	2	4	34.3333333333333	36.976640946636
13735225	3	4	30.3333333333333	39.1002012975856
13735225	3	4	30.3333333333333	39.1002012975856
13735225	3	4	30.3333333333333	39.1002012975856
13735225	4	4	45	41.2094613032001
13735225	4	4	45	41.2094613032001
13735225	4	4	45	41.2094613032001
13735225	5	4	47.3333333333333	42.7735377784522
13735225	5	4	47.3333333333333	42.7735377784522
13735225	5	4	47.3333333333333	42.7735377784522
13735225	6	4	45.3333333333333	43.7000958534544
13735225	6	4	45.3333333333333	43.7000958534544
13735225	6	4	45.3333333333333	43.7000958534544
13735225	7	4	43	44.1777554400054
13735225	7	4	43	44.1777554400054
13735225	7	4	43	44.1777554400054
13735225	8	4	44.3333333333333	44.4064192387273
13735225	8	4	44.3333333333333	44.4064192387273
13735225	8	4	44.3333333333333	44.4064192387273
13735225	9	4	49.3333333333333	44.5119988232014
13735225	9	4	49.3333333333333	44.5119988232014
13735225	9	4	49.3333333333333	44.5119988232014
13735225	1	5	44.6666666666667	37.8446826846832
13735225	1	5	44.6666666666667	37.8446826846832
13735225	1	5	44.6666666666667	37.8446826846832
13735225	2	5	38.3333333333333	40.0435664700805
13735225	2	5	38.3333333333333	40.0435664700805
13735225	2	5	38.3333333333333	40.0435664700805
13735225	3	5	36	41.96149203683
13735225	3	5	36	41.96149203683
13735225	3	5	36	41.96149203683
13735225	4	5	42.6666666666667	43.2397682657423
13735225	4	5	42.6666666666667	43.2397682657423
13735225	4	5	42.6666666666667	43.2397682657423
13735225	5	5	48	43.9463538228913
13735225	5	5	48	43.9463538228913
13735225	5	5	48	43.9463538228913
13735225	6	5	41.3333333333333	44.2970467355403
13735225	6	5	41.3333333333333	44.2970467355403
13735225	6	5	41.3333333333333	44.2970467355403
13735225	7	5	41.6666666666667	44.4618033286157
13735225	7	5	41.6666666666667	44.4618033286157
13735225	7	5	41.6666666666667	44.4618033286157
13735225	8	5	36.3333333333333	44.5372069601279
13735225	8	5	36.3333333333333	44.5372069601279
13735225	8	5	36.3333333333333	44.5372069601279
13735225	9	5	45.6666666666667	44.5713029084244
13735225	9	5	45.6666666666667	44.5713029084244
13735225	9	5	45.6666666666667	44.5713029084244
13735225	1	6	42	40.9311493364991
13735225	1	6	42	40.9311493364991
13735225	1	6	42	40.9311493364991
13735225	2	6	43.6666666666667	42.5901699021129
13735225	2	6	43.6666666666667	42.5901699021129
13735225	2	6	43.6666666666667	42.5901699021129
13735225	3	6	43	43.599763424262
13735225	3	6	43	43.599763424262
13735225	3	6	43	43.599763424262
13735225	4	6	45.6666666666667	44.1282704675957
13735225	4	6	45.6666666666667	44.1282704675957
13735225	4	6	45.6666666666667	44.1282704675957
13735225	5	6	45	44.3832469178332
13735225	5	6	45	44.3832469178332
13735225	5	6	45	44.3832469178332
13735225	6	6	34	44.5014102257813
13735225	6	6	34	44.5014102257813
13735225	6	6	34	44.5014102257813
13735225	7	6	44.3333333333333	44.5551484382305
13735225	7	6	44.3333333333333	44.5551484382305
13735225	7	6	44.3333333333333	44.5551484382305
13735225	8	6	46	44.579377894567
13735225	8	6	46	44.579377894567
13735225	8	6	46	44.579377894567
13735225	9	6	46	44.590260021576
13735225	9	6	46	44.590260021576
13735225	9	6	46	44.590260021576
13735225	1	7	44.6666666666667	43.0956359864474
13735225	1	7	44.6666666666667	43.0956359864474
13735225	1	7	44.6666666666667	43.0956359864474
13735225	2	7	47.3333333333333	43.8715439223794
13735225	2	7	47.3333333333333	43.8715439223794
13735225	2	7	47.3333333333333	43.8715439223794
13735225	3	7	44.6666666666667	44.2611284957654
13735225	3	7	44.6666666666667	44.2611284957654
13735225	3	7	44.6666666666667	44.2611284957654
13735225	4	7	42	44.445197736704
13735225	4	7	42	44.445197736704
13735225	4	7	42	44.445197736704
13735225	5	7	45	44.5296636053125
13735225	5	7	45	44.5296636053125
13735225	5	7	45	44.5296636053125
13735225	6	7	47	44.5679035218464
13735225	6	7	47	44.5679035218464
13735225	6	7	47	44.5679035218464
13735225	7	7	50	44.5851098364959
13735225	7	7	50	44.5851098364959
13735225	7	7	50	44.5851098364959
13735225	8	7	44.3333333333333	44.5928305552977
13735225	8	7	44.3333333333333	44.5928305552977
13735225	8	7	44.3333333333333	44.5928305552977
13735225	9	7	46.3333333333333	44.5962906522717
13735225	9	7	46.3333333333333	44.5962906522717
13735225	9	7	46.3333333333333	44.5962906522717
13735233	1	1	0.333333333333333	2.32887861585589
13735233	1	1	0.333333333333333	2.32887861585589
13735233	1	1	0.333333333333333	2.32887861585589
13735233	2	1	0.666666666666667	2.32888424521814
13735233	2	1	0.666666666666667	2.32888424521814
13735233	2	1	0.666666666666667	2.32888424521814
13735233	3	1	0.333333333333333	2.32890902668479
13735233	3	1	0.333333333333333	2.32890902668479
13735233	3	1	0.333333333333333	2.32890902668479
13735233	4	1	9.33333333333333	2.329018119046
13735233	4	1	9.33333333333333	2.329018119046
13735233	4	1	9.33333333333333	2.329018119046
13735233	5	1	9	2.32949836044028
13735233	5	1	9	2.32949836044028
13735233	5	1	9	2.32949836044028
13735233	6	1	4	2.33161241239511
13735233	6	1	4	2.33161241239511
13735233	6	1	4	2.33161241239511
13735233	7	1	0.666666666666667	2.3409177319656
13735233	7	1	0.666666666666667	2.3409177319656
13735233	7	1	0.666666666666667	2.3409177319656
13735233	8	1	1	2.38185972723056
13735233	8	1	1	2.38185972723056
13735233	8	1	1	2.38185972723056
13735233	9	1	0.333333333333333	2.56167410548204
13735233	9	1	0.333333333333333	2.56167410548204
13735233	9	1	0.333333333333333	2.56167410548204
13735233	1	2	0	2.32896146817683
13735233	1	2	0	2.32896146817683
13735233	1	2	0	2.32896146817683
13735233	2	2	1.33333333333333	2.32924897504887
13735233	2	2	1.33333333333333	2.32924897504887
13735233	2	2	1.33333333333333	2.32924897504887
13735233	3	2	0.333333333333333	2.3305146117619
13735233	3	2	0.333333333333333	2.3305146117619
13735233	3	2	0.333333333333333	2.3305146117619
13735233	4	2	0	2.33608577257042
13735233	4	2	0	2.33608577257042
13735233	4	2	0	2.33608577257042
13735233	5	2	0.666666666666667	2.360603250366
13735233	5	2	0.666666666666667	2.360603250366
13735233	5	2	0.666666666666667	2.360603250366
13735233	6	2	0.333333333333333	2.4683830197593
13735233	6	2	0.333333333333333	2.4683830197593
13735233	6	2	0.333333333333333	2.4683830197593
13735233	7	2	0.666666666666667	2.939948849187
13735233	7	2	0.666666666666667	2.939948849187
13735233	7	2	0.666666666666667	2.939948849187
13735233	8	2	0	4.96120430214765
13735233	8	2	0	4.96120430214765
13735233	8	2	0	4.96120430214765
13735233	9	2	1	12.9167279716918
13735233	9	2	1	12.9167279716918
13735233	9	2	1	12.9167279716918
13735233	1	3	0.333333333333333	2.3331927894362
13735233	1	3	0.333333333333333	2.3331927894362
13735233	1	3	0.333333333333333	2.3331927894362
13735233	2	3	0.333333333333333	2.34787307857502
13735233	2	3	0.333333333333333	2.34787307857502
13735233	2	3	0.333333333333333	2.34787307857502
13735233	3	3	0.333333333333333	2.41244435309721
13735233	3	3	0.333333333333333	2.41244435309721
13735233	3	3	0.333333333333333	2.41244435309721
13735233	4	3	0.333333333333333	2.69565589786966
13735233	4	3	0.333333333333333	2.69565589786966
13735233	4	3	0.333333333333333	2.69565589786966
13735233	5	3	40.3333333333333	3.92252916250563
13735233	5	3	40.3333333333333	3.92252916250563
13735233	5	3	40.3333333333333	3.92252916250563
13735233	6	3	0.5	8.96492268702045
13735233	6	3	0.5	8.96492268702045
13735233	7	3	11.3333333333333	25.9233428246658
13735233	7	3	11.3333333333333	25.9233428246658
13735233	7	3	11.3333333333333	25.9233428246658
13735233	8	3	90.3333333333333	58.5741820501439
13735233	8	3	90.3333333333333	58.5741820501439
13735233	8	3	90.3333333333333	58.5741820501439
13735233	9	3	14	84.3612118650207
13735233	9	3	14	84.3612118650207
13735233	1	4	6	2.54879782446213
13735233	1	4	6	2.54879782446213
13735233	1	4	6	2.54879782446213
13735233	2	4	0	3.28942805200192
13735233	2	4	0	3.28942805200192
13735233	3	4	25	6.41650052320496
13735233	3	4	25	6.41650052320496
13735233	3	4	25	6.41650052320496
13735233	4	4	4	18.0214943557387
13735233	4	4	4	18.0214943557387
13735233	4	4	4	18.0214943557387
13735233	5	4	62	46.523515383589
13735233	5	4	62	46.523515383589
13735233	5	4	62	46.523515383589
13735233	6	4	91.6666666666667	77.5645430826296
13735233	6	4	91.6666666666667	77.5645430826296
13735233	6	4	91.6666666666667	77.5645430826296
13735233	7	4	92	91.8472583409336
13735233	7	4	92	91.8472583409336
13735233	7	4	92	91.8472583409336
13735233	8	4	99.5	95.881627345826
13735233	8	4	99.5	95.881627345826
13735233	9	4	76.6666666666667	96.849283424541
13735233	9	4	76.6666666666667	96.849283424541
13735233	9	4	76.6666666666667	96.849283424541
13735233	1	5	0.333333333333333	12.3920440134631
13735233	1	5	0.333333333333333	12.3920440134631
13735233	1	5	0.333333333333333	12.3920440134631
13735233	2	5	1.5	34.8756667338085
13735233	2	5	1.5	34.8756667338085
13735233	3	5	86	68.4180591781936
13735233	3	5	86	68.4180591781936
13735233	4	5	66.6666666666667	88.6194506345104
13735233	4	5	66.6666666666667	88.6194506345104
13735233	4	5	66.6666666666667	88.6194506345104
13735233	5	5	94	95.0581765242292
13735233	5	5	94	95.0581765242292
13735233	5	5	94	95.0581765242292
13735233	6	5	95.3333333333333	96.6570348569112
13735233	6	5	95.3333333333333	96.6570348569112
13735233	6	5	95.3333333333333	96.6570348569112
13735233	7	5	99.6666666666667	97.0279467588708
13735233	7	5	99.6666666666667	97.0279467588708
13735233	7	5	99.6666666666667	97.0279467588708
13735233	8	5	100	97.112610075297
13735233	8	5	100	97.112610075297
13735233	8	5	100	97.112610075297
13735233	9	5	100	97.131863306787
13735233	9	5	100	97.131863306787
13735233	9	5	100	97.131863306787
13735233	1	6	99.6666666666667	83.7174684425713
13735233	1	6	99.6666666666667	83.7174684425713
13735233	1	6	99.6666666666667	83.7174684425713
13735233	2	6	99.3333333333333	93.7145700721459
13735233	2	6	99.3333333333333	93.7145700721459
13735233	2	6	99.3333333333333	93.7145700721459
13735233	3	6	100	96.3376468051085
13735233	3	6	100	96.3376468051085
13735233	3	6	100	96.3376468051085
13735233	4	6	99.3333333333333	96.9546312150188
13735233	4	6	99.3333333333333	96.9546312150188
13735233	4	6	99.3333333333333	96.9546312150188
13735233	5	6	99.6666666666667	97.0959159309273
13735233	5	6	99.6666666666667	97.0959159309273
13735233	5	6	99.6666666666667	97.0959159309273
13735233	6	6	99.6666666666667	97.1280690060595
13735233	6	6	99.6666666666667	97.1280690060595
13735233	6	6	99.6666666666667	97.1280690060595
13735233	7	6	91	97.1353759430841
13735233	7	6	91	97.1353759430841
13735233	7	6	91	97.1353759430841
13735233	8	6	99.6666666666667	97.137035944631
13735233	8	6	99.6666666666667	97.137035944631
13735233	8	6	99.6666666666667	97.137035944631
13735233	9	6	100	97.1374130388506
13735233	9	6	100	97.1374130388506
13735233	9	6	100	97.1374130388506
13735233	1	7	99.6666666666667	96.8324199606735
13735233	1	7	99.6666666666667	96.8324199606735
13735233	1	7	99.6666666666667	96.8324199606735
13735233	2	7	100	97.068043639193
13735233	2	7	100	97.068043639193
13735233	2	7	100	97.068043639193
13735233	3	7	100	97.1217317960816
13735233	3	7	100	97.1217317960816
13735233	3	7	100	97.1217317960816
13735233	4	7	99.3333333333333	97.1339360855207
13735233	4	7	99.3333333333333	97.1339360855207
13735233	4	7	99.3333333333333	97.1339360855207
13735233	5	7	99.6666666666667	97.1367088511499
13735233	5	7	99.6666666666667	97.1367088511499
13735233	5	7	99.6666666666667	97.1367088511499
13735233	6	7	100	97.1373387354736
13735233	6	7	100	97.1373387354736
13735233	6	7	100	97.1373387354736
13735233	7	7	99.6666666666667	97.137481821226
13735233	7	7	99.6666666666667	97.137481821226
13735233	7	7	99.6666666666667	97.137481821226
13735233	8	7	99.3333333333333	97.13751432466
13735233	8	7	99.3333333333333	97.13751432466
13735233	8	7	99.3333333333333	97.13751432466
13735233	9	7	99.3333333333333	97.1375217081464
13735233	9	7	99.3333333333333	97.1375217081464
13735233	9	7	99.3333333333333	97.1375217081464
13735247	1	1	5	5.3769470525023
13735247	1	1	5	5.3769470525023
13735247	1	1	5	5.3769470525023
13735247	2	1	0	5.37873069454607
13735247	2	1	0	5.37873069454607
13735247	2	1	0	5.37873069454607
13735247	3	1	10.3333333333333	5.38093295924788
13735247	3	1	10.3333333333333	5.38093295924788
13735247	3	1	10.3333333333333	5.38093295924788
13735247	4	1	7.33333333333333	5.38365207089581
13735247	4	1	7.33333333333333	5.38365207089581
13735247	4	1	7.33333333333333	5.38365207089581
13735247	5	1	0	5.38700928670939
13735247	5	1	0	5.38700928670939
13735247	5	1	0	5.38700928670939
13735247	6	1	0	5.3911542905098
13735247	6	1	0	5.3911542905098
13735247	6	1	0	5.3911542905098
13735247	7	1	0.666666666666667	5.39627184555758
13735247	7	1	0.666666666666667	5.39627184555758
13735247	7	1	0.666666666666667	5.39627184555758
13735247	8	1	4.33333333333333	5.40258999847834
13735247	8	1	4.33333333333333	5.40258999847834
13735247	8	1	4.33333333333333	5.40258999847834
13735247	9	1	8.33333333333333	5.41039019280432
13735247	9	1	8.33333333333333	5.41039019280432
13735247	9	1	8.33333333333333	5.41039019280432
13735247	1	2	0	5.43680659261081
13735247	1	2	0	5.43680659261081
13735247	1	2	0	5.43680659261081
13735247	2	2	0.666666666666667	5.45262868410538
13735247	2	2	0.666666666666667	5.45262868410538
13735247	2	2	0.666666666666667	5.45262868410538
13735247	3	2	7	5.4721577559365
13735247	3	2	7	5.4721577559365
13735247	3	2	7	5.4721577559365
13735247	4	2	10	5.49626020823334
13735247	4	2	10	5.49626020823334
13735247	4	2	10	5.49626020823334
13735247	5	2	1.66666666666667	5.52600383079307
13735247	5	2	1.66666666666667	5.52600383079307
13735247	5	2	1.66666666666667	5.52600383079307
13735247	6	2	0.333333333333333	5.56270403589903
13735247	6	2	0.333333333333333	5.56270403589903
13735247	6	2	0.333333333333333	5.56270403589903
13735247	7	2	1.33333333333333	5.60798040149086
13735247	7	2	1.33333333333333	5.60798040149086
13735247	7	2	1.33333333333333	5.60798040149086
13735247	8	2	1.33333333333333	5.66382566441547
13735247	8	2	1.33333333333333	5.66382566441547
13735247	8	2	1.33333333333333	5.66382566441547
13735247	9	2	0	5.73268966220779
13735247	9	2	0	5.73268966220779
13735247	9	2	0	5.73268966220779
13735247	1	3	0	5.96524566804096
13735247	1	3	0	5.96524566804096
13735247	1	3	0	5.96524566804096
13735247	2	3	5	6.10404820116758
13735247	2	3	5	6.10404820116758
13735247	2	3	5	6.10404820116758
13735247	3	3	2	6.27487067620871
13735247	3	3	2	6.27487067620871
13735247	3	3	2	6.27487067620871
13735247	4	3	2.66666666666667	6.484938547184
13735247	4	3	2.66666666666667	6.484938547184
13735247	4	3	2.66666666666667	6.484938547184
13735247	5	3	22	6.7430247549598
13735247	5	3	22	6.7430247549598
13735247	5	3	22	6.7430247549598
13735247	6	3	5	7.05973853136429
13735247	6	3	5	7.05973853136429
13735247	6	3	5	7.05973853136429
13735247	7	3	6	7.44784593410213
13735247	7	3	6	7.44784593410213
13735247	7	3	6	7.44784593410213
13735247	8	3	12.3333333333333	7.92261313318951
13735247	8	3	12.3333333333333	7.92261313318951
13735247	8	3	12.3333333333333	7.92261313318951
13735247	9	3	6.33333333333333	8.50215474716645
13735247	9	3	6.33333333333333	8.50215474716645
13735247	9	3	6.33333333333333	8.50215474716645
13735247	1	4	2.66666666666667	10.4124623085746
13735247	1	4	2.66666666666667	10.4124623085746
13735247	1	4	2.66666666666667	10.4124623085746
13735247	2	4	3.66666666666667	11.5193999581251
13735247	2	4	3.66666666666667	11.5193999581251
13735247	2	4	3.66666666666667	11.5193999581251
13735247	3	4	65.3333333333333	12.849017185026
13735247	3	4	65.3333333333333	12.849017185026
13735247	3	4	65.3333333333333	12.849017185026
13735247	4	4	23	14.4366311960837
13735247	4	4	23	14.4366311960837
13735247	4	4	23	14.4366311960837
13735247	5	4	17.6666666666667	16.3188849885579
13735247	5	4	17.6666666666667	16.3188849885579
13735247	5	4	17.6666666666667	16.3188849885579
13735247	6	4	31.3333333333333	18.5317568665524
13735247	6	4	31.3333333333333	18.5317568665524
13735247	6	4	31.3333333333333	18.5317568665524
13735247	7	4	28.6666666666667	21.1077240312927
13735247	7	4	28.6666666666667	21.1077240312927
13735247	7	4	28.6666666666667	21.1077240312927
13735247	8	4	19.3333333333333	24.0720762071951
13735247	8	4	19.3333333333333	24.0720762071951
13735247	8	4	19.3333333333333	24.0720762071951
13735247	9	4	40.6666666666667	27.4385606261217
13735247	9	4	40.6666666666667	27.4385606261217
13735247	9	4	40.6666666666667	27.4385606261217
13735247	1	5	14.3333333333333	36.9144295896439
13735247	1	5	14.3333333333333	36.9144295896439
13735247	1	5	14.3333333333333	36.9144295896439
13735247	2	5	67.6666666666667	41.4926212235447
13735247	2	5	67.6666666666667	41.4926212235447
13735247	2	5	67.6666666666667	41.4926212235447
13735247	3	5	6.33333333333333	46.304047134884
13735247	3	5	6.33333333333333	46.304047134884
13735247	3	5	6.33333333333333	46.304047134884
13735247	4	5	35.3333333333333	51.2536547169063
13735247	4	5	35.3333333333333	51.2536547169063
13735247	4	5	35.3333333333333	51.2536547169063
13735247	5	5	64.6666666666667	56.2347078456974
13735247	5	5	64.6666666666667	56.2347078456974
13735247	5	5	64.6666666666667	56.2347078456974
13735247	6	5	48.3333333333333	61.1377433168628
13735247	6	5	48.3333333333333	61.1377433168628
13735247	6	5	48.3333333333333	61.1377433168628
13735247	7	5	76.6666666666667	65.8600174147962
13735247	7	5	76.6666666666667	65.8600174147962
13735247	7	5	76.6666666666667	65.8600174147962
13735247	8	5	49.3333333333333	70.313755671781
13735247	8	5	49.3333333333333	70.313755671781
13735247	8	5	49.3333333333333	70.313755671781
13735247	9	5	72.3333333333333	74.4318722255685
13735247	9	5	72.3333333333333	74.4318722255685
13735247	9	5	72.3333333333333	74.4318722255685
13735247	1	6	100	82.6050451441423
13735247	1	6	100	82.6050451441423
13735247	1	6	100	82.6050451441423
13735247	2	6	97.3333333333333	85.4006966730707
13735247	2	6	97.3333333333333	85.4006966730707
13735247	2	6	97.3333333333333	85.4006966730707
13735247	3	6	100	87.8176402782606
13735247	3	6	100	87.8176402782606
13735247	3	6	100	87.8176402782606
13735247	4	6	100	89.8847431699301
13735247	4	6	100	89.8847431699301
13735247	4	6	100	89.8847431699301
13735247	5	6	100	91.6363845481106
13735247	5	6	100	91.6363845481106
13735247	5	6	100	91.6363845481106
13735247	6	6	99.6666666666667	93.1091235043608
13735247	6	6	99.6666666666667	93.1091235043608
13735247	6	6	99.6666666666667	93.1091235043608
13735247	7	6	100	94.3392331152747
13735247	7	6	100	94.3392331152747
13735247	7	6	100	94.3392331152747
13735247	8	6	96.3333333333333	95.3610418376663
13735247	8	6	96.3333333333333	95.3610418376663
13735247	8	6	96.3333333333333	95.3610418376663
13735247	9	6	100	96.2059457514633
13735247	9	6	100	96.2059457514633
13735247	9	6	100	96.2059457514633
13735247	1	7	100	97.6518515715194
13735247	1	7	100	97.6518515715194
13735247	1	7	100	97.6518515715194
13735247	2	7	97.6666666666667	98.087482285095
13735247	2	7	97.6666666666667	98.087482285095
13735247	2	7	97.6666666666667	98.087482285095
13735247	3	7	100	98.4433161189761
13735247	3	7	100	98.4433161189761
13735247	3	7	100	98.4433161189761
13735247	4	7	95.6666666666667	98.7335062432269
13735247	4	7	95.6666666666667	98.7335062432269
13735247	4	7	95.6666666666667	98.7335062432269
13735247	5	7	100	98.969854543816
13735247	5	7	100	98.969854543816
13735247	5	7	100	98.969854543816
13735247	6	7	92.6666666666667	99.162146748904
13735247	6	7	92.6666666666667	99.162146748904
13735247	6	7	92.6666666666667	99.162146748904
13735247	7	7	89.3333333333333	99.3184600904107
13735247	7	7	89.3333333333333	99.3184600904107
13735247	7	7	89.3333333333333	99.3184600904107
13735247	8	7	99.6666666666667	99.4454372751347
13735247	8	7	99.6666666666667	99.4454372751347
13735247	8	7	99.6666666666667	99.4454372751347
13735247	9	7	100	99.5485251987735
13735247	9	7	100	99.5485251987735
13735247	9	7	100	99.5485251987735
13735320	1	1	0	0.198847304614375
13735320	1	1	0	0.198847304614375
13735320	1	1	0	0.198847304614375
13735320	2	1	0	0.243979530913006
13735320	2	1	0	0.243979530913006
13735320	2	1	0	0.243979530913006
13735320	3	1	0.333333333333333	0.299369965813484
13735320	3	1	0.333333333333333	0.299369965813484
13735320	3	1	0.333333333333333	0.299369965813484
13735320	4	1	0	0.367334615093633
13735320	4	1	0	0.367334615093633
13735320	4	1	0	0.367334615093633
13735320	5	1	0	0.450704468851324
13735320	5	1	0	0.450704468851324
13735320	5	1	0	0.450704468851324
13735320	6	1	3.33333333333333	0.552936014508817
13735320	6	1	3.33333333333333	0.552936014508817
13735320	6	1	3.33333333333333	0.552936014508817
13735320	7	1	0	0.678243436991159
13735320	7	1	0	0.678243436991159
13735320	7	1	0	0.678243436991159
13735320	8	1	0	0.831755717406197
13735320	8	1	0	0.831755717406197
13735320	8	1	0	0.831755717406197
13735320	9	1	3	1.01970174701965
13735320	9	1	3	1.01970174701965
13735320	9	1	3	1.01970174701965
13735320	1	2	10	0.951686694542022
13735320	1	2	10	0.951686694542022
13735320	1	2	10	0.951686694542022
13735320	2	2	0	1.16644242261086
13735320	2	2	0	1.16644242261086
13735320	2	2	0	1.16644242261086
13735320	3	2	0	1.42900478767819
13735320	3	2	0	1.42900478767819
13735320	3	2	0	1.42900478767819
13735320	4	2	0.666666666666667	1.74966696548238
13735320	4	2	0.666666666666667	1.74966696548238
13735320	4	2	0.666666666666667	1.74966696548238
13735320	5	2	0	2.14076539022285
13735320	5	2	0	2.14076539022285
13735320	5	2	0	2.14076539022285
13735320	6	2	1.33333333333333	2.61699987126842
13735320	6	2	1.33333333333333	2.61699987126842
13735320	6	2	1.33333333333333	2.61699987126842
13735320	7	2	0	3.19576058651027
13735320	7	2	0	3.19576058651027
13735320	7	2	0	3.19576058651027
13735320	8	2	0	3.89743639947718
13735320	8	2	0	3.89743639947718
13735320	8	2	0	3.89743639947718
13735320	9	2	1	4.74566422074431
13735320	9	2	1	4.74566422074431
13735320	9	2	1	4.74566422074431
13735320	1	3	0	4.44006602177141
13735320	1	3	0	4.44006602177141
13735320	1	3	0	4.44006602177141
13735320	2	3	0	5.399780868035
13735320	2	3	0	5.399780868035
13735320	2	3	0	5.399780868035
13735320	3	3	0	6.55275217526758
13735320	3	3	0	6.55275217526758
13735320	3	3	0	6.55275217526758
13735320	4	3	6.66666666666667	7.93130665752352
13735320	4	3	6.66666666666667	7.93130665752352
13735320	4	3	6.66666666666667	7.93130665752352
13735320	5	3	11.3333333333333	9.57021437724111
13735320	5	3	11.3333333333333	9.57021437724111
13735320	5	3	11.3333333333333	9.57021437724111
13735320	6	3	25	11.50549690063
13735320	6	3	25	11.50549690063
13735320	6	3	25	11.50549690063
13735320	7	3	11.6666666666667	13.772561473307
13735320	7	3	11.6666666666667	13.772561473307
13735320	7	3	11.6666666666667	13.772561473307
13735320	8	3	27.6666666666667	16.4035616001403
13735320	8	3	27.6666666666667	16.4035616001403
13735320	8	3	27.6666666666667	16.4035616001403
13735320	9	3	0	19.4239769640686
13735320	9	3	0	19.4239769640686
13735320	9	3	0	19.4239769640686
13735320	1	4	14	18.3551558881645
13735320	1	4	14	18.3551558881645
13735320	1	4	14	18.3551558881645
13735320	2	4	13.3333333333333	21.6419083024516
13735320	2	4	13.3333333333333	21.6419083024516
13735320	2	4	13.3333333333333	21.6419083024516
13735320	3	4	10	25.3345995367126
13735320	3	4	10	25.3345995367126
13735320	3	4	10	25.3345995367126
13735320	4	4	47	29.4208134114654
13735320	4	4	47	29.4208134114654
13735320	4	4	47	29.4208134114654
13735320	5	4	57	33.8671673976063
13735320	5	4	57	33.8671673976063
13735320	5	4	57	33.8671673976063
13735320	6	4	53.6666666666667	38.6178355451227
13735320	6	4	53.6666666666667	38.6178355451227
13735320	6	4	53.6666666666667	38.6178355451227
13735320	7	4	44	43.595612550138
13735320	7	4	44	43.595612550138
13735320	7	4	44	43.595612550138
13735320	8	4	45	48.7059015509793
13735320	8	4	45	48.7059015509793
13735320	8	4	45	48.7059015509793
13735320	9	4	65	53.8433926256509
13735320	9	4	65	53.8433926256509
13735320	9	4	65	53.8433926256509
13735320	1	5	37.6666666666667	52.1053196168958
13735320	1	5	37.6666666666667	52.1053196168958
13735320	1	5	37.6666666666667	52.1053196168958
13735320	2	5	72	57.201515642783
13735320	2	5	72	57.201515642783
13735320	2	5	72	57.201515642783
13735320	3	5	63.3333333333333	62.1493624392251
13735320	3	5	63.3333333333333	62.1493624392251
13735320	3	5	63.3333333333333	62.1493624392251
13735320	4	5	23.3333333333333	66.8566252271469
13735320	4	5	23.3333333333333	66.8566252271469
13735320	4	5	23.3333333333333	66.8566252271469
13735320	5	5	80	71.2492830243702
13735320	5	5	80	71.2492830243702
13735320	5	5	80	71.2492830243702
13735320	6	5	76.3333333333333	75.2750529596822
13735320	6	5	76.3333333333333	75.2750529596822
13735320	6	5	76.3333333333333	75.2750529596822
13735320	7	5	52	78.9040147727789
13735320	7	5	52	78.9040147727789
13735320	7	5	52	78.9040147727789
13735320	8	5	83	82.1267970040335
13735320	8	5	83	82.1267970040335
13735320	8	5	83	82.1267970040335
13735320	9	5	72	84.9511285706835
13735320	9	5	72	84.9511285706835
13735320	9	5	72	84.9511285706835
13735320	1	6	100	84.0371871615994
13735320	1	6	100	84.0371871615994
13735320	2	6	100	86.6088506441894
13735320	2	6	100	86.6088506441894
13735320	2	6	100	86.6088506441894
13735320	3	6	100	88.8213051520378
13735320	3	6	100	88.8213051520378
13735320	3	6	100	88.8213051520378
13735320	4	6	100	90.7074256685125
13735320	4	6	100	90.7074256685125
13735320	5	6	100	92.3028712135828
13735320	5	6	100	92.3028712135828
13735320	5	6	100	92.3028712135828
13735320	6	6	98.3333333333333	93.6435710842198
13735320	6	6	98.3333333333333	93.6435710842198
13735320	6	6	98.3333333333333	93.6435710842198
13735320	7	6	96.3333333333333	94.7639735384944
13735320	7	6	96.3333333333333	94.7639735384944
13735320	7	6	96.3333333333333	94.7639735384944
13735320	8	6	91.6666666666667	95.6959480728626
13735320	8	6	91.6666666666667	95.6959480728626
13735320	8	6	91.6666666666667	95.6959480728626
13735320	9	6	99.6666666666667	96.4682006326176
13735320	9	6	99.6666666666667	96.4682006326176
13735320	9	6	99.6666666666667	96.4682006326176
13735320	1	7	95	96.2226398303099
13735320	1	7	95	96.2226398303099
13735320	1	7	95	96.2226398303099
13735320	2	7	100	96.9034352598611
13735320	2	7	100	96.9034352598611
13735320	2	7	100	96.9034352598611
13735320	3	7	100	97.4647433252392
13735320	3	7	100	97.4647433252392
13735320	3	7	100	97.4647433252392
13735320	4	7	100	97.9264610373176
13735320	4	7	100	97.9264610373176
13735320	4	7	100	97.9264610373176
13735320	5	7	96.3333333333333	98.3055326915824
13735320	5	7	96.3333333333333	98.3055326915824
13735320	5	7	96.3333333333333	98.3055326915824
13735320	6	7	100	98.6162633787432
13735320	6	7	100	98.6162633787432
13735320	6	7	100	98.6162633787432
13735320	7	7	100	98.8706462730929
13735320	7	7	100	98.8706462730929
13735320	7	7	100	98.8706462730929
13735320	8	7	97	99.078680080023
13735320	8	7	97	99.078680080023
13735320	8	7	97	99.078680080023
13735320	9	7	99.6666666666667	99.248663102982
13735320	9	7	99.6666666666667	99.248663102982
13735320	9	7	99.6666666666667	99.248663102982
13735344	1	1	7.66666666666667	9.22490540607527
13735344	1	1	7.66666666666667	9.22490540607527
13735344	1	1	7.66666666666667	9.22490540607527
13735344	2	1	11	9.29197856636817
13735344	2	1	11	9.29197856636817
13735344	2	1	11	9.29197856636817
13735344	3	1	8	9.38938843940424
13735344	3	1	8	9.38938843940424
13735344	3	1	8	9.38938843940424
13735344	4	1	7.33333333333333	9.5307342218712
13735344	4	1	7.33333333333333	9.5307342218712
13735344	4	1	7.33333333333333	9.5307342218712
13735344	5	1	8.33333333333333	9.73557653320507
13735344	5	1	8.33333333333333	9.73557653320507
13735344	5	1	8.33333333333333	9.73557653320507
13735344	6	1	17.6666666666667	10.0319024781726
13735344	6	1	17.6666666666667	10.0319024781726
13735344	6	1	17.6666666666667	10.0319024781726
13735344	7	1	9	10.4594475999541
13735344	7	1	9	10.4594475999541
13735344	7	1	9	10.4594475999541
13735344	8	1	62	11.0739925290193
13735344	8	1	62	11.0739925290193
13735344	8	1	62	11.0739925290193
13735344	9	1	10.3333333333333	11.952547842722
13735344	9	1	10.3333333333333	11.952547842722
13735344	9	1	10.3333333333333	11.952547842722
13735344	1	2	3.33333333333333	9.76177227818952
13735344	1	2	3.33333333333333	9.76177227818952
13735344	1	2	3.33333333333333	9.76177227818952
13735344	2	2	5	10.0697516080934
13735344	2	2	5	10.0697516080934
13735344	2	2	5	10.0697516080934
13735344	3	2	8.33333333333333	10.513961848213
13735344	3	2	8.33333333333333	10.513961848213
13735344	3	2	8.33333333333333	10.513961848213
13735344	4	2	10.6666666666667	11.152153539234
13735344	4	2	10.6666666666667	11.152153539234
13735344	4	2	10.6666666666667	11.152153539234
13735344	5	2	14	12.0638853402248
13735344	5	2	14	12.0638853402248
13735344	5	2	14	12.0638853402248
13735344	6	2	11.6666666666667	13.3559730005033
13735344	6	2	11.6666666666667	13.3559730005033
13735344	6	2	11.6666666666667	13.3559730005033
13735344	7	2	2.66666666666667	15.1663858358483
13735344	7	2	2.66666666666667	15.1663858358483
13735344	7	2	2.66666666666667	15.1663858358483
13735344	8	2	6.66666666666667	17.6630395868101
13735344	8	2	6.66666666666667	17.6630395868101
13735344	8	2	6.66666666666667	17.6630395868101
13735344	9	2	13	21.0316063732429
13735344	9	2	13	21.0316063732429
13735344	9	2	13	21.0316063732429
13735344	1	3	3.33333333333333	12.1793744175849
13735344	1	3	3.33333333333333	12.1793744175849
13735344	1	3	3.33333333333333	12.1793744175849
13735344	2	3	8	13.5187738147917
13735344	2	3	8	13.5187738147917
13735344	2	3	8	13.5187738147917
13735344	3	3	0.333333333333333	15.3927931905601
13735344	3	3	0.333333333333333	15.3927931905601
13735344	3	3	0.333333333333333	15.3927931905601
13735344	4	3	23	17.9720376025594
13735344	4	3	23	17.9720376025594
13735344	4	3	23	17.9720376025594
13735344	5	3	13	21.4426532994178
13735344	5	3	13	21.4426532994178
13735344	5	3	13	21.4426532994178
13735344	6	3	56	25.9734924082299
13735344	6	3	56	25.9734924082299
13735344	6	3	56	25.9734924082299
13735344	7	3	49.3333333333333	31.6603480431677
13735344	7	3	49.3333333333333	31.6603480431677
13735344	7	3	49.3333333333333	31.6603480431677
13735344	8	3	9.33333333333333	38.4560633271967
13735344	8	3	9.33333333333333	38.4560633271967
13735344	8	3	9.33333333333333	38.4560633271967
13735344	9	3	70.3333333333333	46.1160447414086
13735344	9	3	70.3333333333333	46.1160447414086
13735344	9	3	70.3333333333333	46.1160447414086
13735344	1	4	7	21.8654168127135
13735344	1	4	7	21.8654168127135
13735344	1	4	7	21.8654168127135
13735344	2	4	36.3333333333333	26.5148391771987
13735344	2	4	36.3333333333333	26.5148391771987
13735344	2	4	36.3333333333333	26.5148391771987
13735344	3	4	32	32.3232501481092
13735344	3	4	32	32.3232501481092
13735344	3	4	32	32.3232501481092
13735344	4	4	50.3333333333333	39.2247008341929
13735344	4	4	50.3333333333333	39.2247008341929
13735344	4	4	50.3333333333333	39.2247008341929
13735344	5	4	39	46.952747682954
13735344	5	4	39	46.952747682954
13735344	5	4	39	46.952747682954
13735344	6	4	83.3333333333333	55.0522961402962
13735344	6	4	83.3333333333333	55.0522961402962
13735344	6	4	83.3333333333333	55.0522961402962
13735344	7	4	39.6666666666667	62.9732747645251
13735344	7	4	39.6666666666667	62.9732747645251
13735344	7	4	39.6666666666667	62.9732747645251
13735344	8	4	41.6666666666667	70.2120468145588
13735344	8	4	41.6666666666667	70.2120468145588
13735344	8	4	41.6666666666667	70.2120468145588
13735344	9	4	93	76.4289888334148
13735344	9	4	93	76.4289888334148
13735344	9	4	93	76.4289888334148
13735344	1	5	16	47.7936263773759
13735344	1	5	16	47.7936263773759
13735344	1	5	16	47.7936263773759
13735344	2	5	82.6666666666667	55.9006658485494
13735344	2	5	82.6666666666667	55.9006658485494
13735344	2	5	82.6666666666667	55.9006658485494
13735344	3	5	53.6666666666667	63.7716726585172
13735344	3	5	53.6666666666667	63.7716726585172
13735344	3	5	53.6666666666667	63.7716726585172
13735344	4	5	76	70.9157456059559
13735344	4	5	76	70.9157456059559
13735344	4	5	76	70.9157456059559
13735344	5	5	68.6666666666667	77.0143380326167
13735344	5	5	68.6666666666667	77.0143380326167
13735344	5	5	68.6666666666667	77.0143380326167
13735344	6	5	62	81.9537847347526
13735344	6	5	62	81.9537847347526
13735344	6	5	62	81.9537847347526
13735344	7	5	88.6666666666667	85.7868017874867
13735344	7	5	88.6666666666667	85.7868017874867
13735344	7	5	88.6666666666667	85.7868017874867
13735344	8	5	85.6666666666667	88.6636149783851
13735344	8	5	85.6666666666667	88.6636149783851
13735344	8	5	85.6666666666667	88.6636149783851
13735344	9	5	83.3333333333333	90.7691436053827
13735344	9	5	83.3333333333333	90.7691436053827
13735344	9	5	83.3333333333333	90.7691436053827
13735344	1	6	90.3333333333333	77.5867932611244
13735344	1	6	90.3333333333333	77.5867932611244
13735344	1	6	90.3333333333333	77.5867932611244
13735344	2	6	93.3333333333333	82.4054976046744
13735344	2	6	93.3333333333333	82.4054976046744
13735344	2	6	93.3333333333333	82.4054976046744
13735344	3	6	90	86.1301714685156
13735344	3	6	90	86.1301714685156
13735344	3	6	90	86.1301714685156
13735344	4	6	93	88.917304687481
13735344	4	6	93	88.917304687481
13735344	4	6	93	88.917304687481
13735344	5	6	90.3333333333333	90.9526688585636
13735344	5	6	90.3333333333333	90.9526688585636
13735344	5	6	90.3333333333333	90.9526688585636
13735344	6	6	93	92.4127306217853
13735344	6	6	93	92.4127306217853
13735344	6	6	93	92.4127306217853
13735344	7	6	95.6666666666667	93.4467366980393
13735344	7	6	95.6666666666667	93.4467366980393
13735344	7	6	95.6666666666667	93.4467366980393
13735344	8	6	96	94.1723709974858
13735344	8	6	96	94.1723709974858
13735344	8	6	96	94.1723709974858
13735344	9	6	91.6666666666667	94.6783491173377
13735344	9	6	91.6666666666667	94.6783491173377
13735344	9	6	91.6666666666667	94.6783491173377
13735344	1	7	97.6666666666667	91.1298974206978
13735344	1	7	97.6666666666667	91.1298974206978
13735344	1	7	97.6666666666667	91.1298974206978
13735344	2	7	94	92.5388332485092
13735344	2	7	94	92.5388332485092
13735344	2	7	94	92.5388332485092
13735344	3	7	96.3333333333333	93.5355248828656
13735344	3	7	96.3333333333333	93.5355248828656
13735344	3	7	96.3333333333333	93.5355248828656
13735344	4	7	93.6666666666667	94.2344255247257
13735344	4	7	93.6666666666667	94.2344255247257
13735344	4	7	93.6666666666667	94.2344255247257
13735344	5	7	95.3333333333333	94.7214955697869
13735344	5	7	95.3333333333333	94.7214955697869
13735344	5	7	95.3333333333333	94.7214955697869
13735344	6	7	91.3333333333333	95.0594817076579
13735344	6	7	91.3333333333333	95.0594817076579
13735344	6	7	91.3333333333333	95.0594817076579
13735344	7	7	94.3333333333333	95.2933163807012
13735344	7	7	94.3333333333333	95.2933163807012
13735344	7	7	94.3333333333333	95.2933163807012
13735344	8	7	97	95.4547599985993
13735344	8	7	97	95.4547599985993
13735344	8	7	97	95.4547599985993
13735344	9	7	95	95.5660644740752
13735344	9	7	95	95.5660644740752
13735344	9	7	95	95.5660644740752
13736034	1	1	56	34.5141213857478
13736034	1	1	56	34.5141213857478
13736034	1	1	56	34.5141213857478
13736034	2	1	19	34.79838063034
13736034	2	1	19	34.79838063034
13736034	2	1	19	34.79838063034
13736034	3	1	53	35.229108901366
13736034	3	1	53	35.229108901366
13736034	3	1	53	35.229108901366
13736034	4	1	39.3333333333333	35.8741357725313
13736034	4	1	39.3333333333333	35.8741357725313
13736034	4	1	39.3333333333333	35.8741357725313
13736034	5	1	41.6666666666667	36.8232437523985
13736034	5	1	41.6666666666667	36.8232437523985
13736034	5	1	41.6666666666667	36.8232437523985
13736034	6	1	32.6666666666667	38.1842583957253
13736034	6	1	32.6666666666667	38.1842583957253
13736034	6	1	32.6666666666667	38.1842583957253
13736034	7	1	34	40.0655277059833
13736034	7	1	34	40.0655277059833
13736034	7	1	34	40.0655277059833
13736034	8	1	34.6666666666667	42.5379997476354
13736034	8	1	34.6666666666667	42.5379997476354
13736034	8	1	34.6666666666667	42.5379997476354
13736034	9	1	52	45.5805762827697
13736034	9	1	52	45.5805762827697
13736034	9	1	52	45.5805762827697
13736034	1	2	35.3333333333333	35.3751770394556
13736034	1	2	35.3333333333333	35.3751770394556
13736034	1	2	35.3333333333333	35.3751770394556
13736034	2	2	34	36.0908156834378
13736034	2	2	34	36.0908156834378
13736034	2	2	34	36.0908156834378
13736034	3	2	14.3333333333333	37.1376358356299
13736034	3	2	14.3333333333333	37.1376358356299
13736034	3	2	14.3333333333333	37.1376358356299
13736034	4	2	21.5	38.6260501196234
13736034	4	2	21.5	38.6260501196234
13736034	5	2	63	40.6591199946769
13736034	5	2	63	40.6591199946769
13736034	5	2	63	40.6591199946769
13736034	6	2	52	43.2891005522411
13736034	6	2	52	43.2891005522411
13736034	6	2	52	43.2891005522411
13736034	7	2	55	46.4617679467625
13736034	7	2	55	46.4617679467625
13736034	7	2	55	46.4617679467625
13736034	8	2	46	49.9819522500426
13736034	8	2	46	49.9819522500426
13736034	8	2	46	49.9819522500426
13736034	9	2	74.5	53.5429703327356
13736034	9	2	74.5	53.5429703327356
13736034	1	3	12	37.4827819445553
13736034	1	3	12	37.4827819445553
13736034	1	3	12	37.4827819445553
13736034	2	3	47	39.106006864638
13736034	2	3	47	39.106006864638
13736034	2	3	47	39.106006864638
13736034	3	3	38	41.2948390355581
13736034	3	3	38	41.2948390355581
13736034	3	3	38	41.2948390355581
13736034	4	3	57.6666666666667	44.0787776015367
13736034	4	3	57.6666666666667	44.0787776015367
13736034	4	3	57.6666666666667	44.0787776015367
13736034	5	3	36.6666666666667	47.3678024429793
13736034	5	3	36.6666666666667	47.3678024429793
13736034	5	3	36.6666666666667	47.3678024429793
13736034	6	3	55.3333333333333	50.9312235992816
13736034	6	3	55.3333333333333	50.9312235992816
13736034	6	3	55.3333333333333	50.9312235992816
13736034	7	3	24.3333333333333	54.4473501273299
13736034	7	3	24.3333333333333	54.4473501273299
13736034	7	3	24.3333333333333	54.4473501273299
13736034	8	3	39.6666666666667	57.6108946127562
13736034	8	3	39.6666666666667	57.6108946127562
13736034	8	3	39.6666666666667	57.6108946127562
13736034	9	3	59.3333333333333	60.2293939989853
13736034	9	3	59.3333333333333	60.2293939989853
13736034	9	3	59.3333333333333	60.2293939989853
13736034	1	4	36.3333333333333	41.9726394137607
13736034	1	4	36.3333333333333	41.9726394137607
13736034	1	4	36.3333333333333	41.9726394137607
13736034	2	4	56.6666666666667	44.9044196526817
13736034	2	4	56.6666666666667	44.9044196526817
13736034	2	4	56.6666666666667	44.9044196526817
13736034	3	4	70.6666666666667	48.2934725741931
13736034	3	4	70.6666666666667	48.2934725741931
13736034	3	4	70.6666666666667	48.2934725741931
13736034	4	4	56	51.877105667864
13736034	4	4	56	51.877105667864
13736034	4	4	56	51.877105667864
13736034	5	4	51	55.326527115039
13736034	5	4	51	55.326527115039
13736034	5	4	51	55.326527115039
13736034	6	4	60.3333333333333	58.3590785036962
13736034	6	4	60.3333333333333	58.3590785036962
13736034	6	4	60.3333333333333	58.3590785036962
13736034	7	4	65.6666666666667	60.819904418733
13736034	7	4	65.6666666666667	60.819904418733
13736034	7	4	65.6666666666667	60.819904418733
13736034	8	4	58.6666666666667	62.6902143574338
13736034	8	4	58.6666666666667	62.6902143574338
13736034	8	4	58.6666666666667	62.6902143574338
13736034	9	4	61.6666666666667	64.042171715217
13736034	9	4	61.6666666666667	64.042171715217
13736034	9	4	61.6666666666667	64.042171715217
13736034	1	5	41.3333333333333	49.2330774237309
13736034	1	5	41.3333333333333	49.2330774237309
13736034	1	5	41.3333333333333	49.2330774237309
13736034	2	5	30.3333333333333	52.8133725642307
13736034	2	5	30.3333333333333	52.8133725642307
13736034	2	5	30.3333333333333	52.8133725642307
13736034	3	5	59.6666666666667	56.1759434008073
13736034	3	5	59.6666666666667	56.1759434008073
13736034	3	5	59.6666666666667	56.1759434008073
13736034	4	5	70.6666666666667	59.0667013897554
13736034	4	5	70.6666666666667	59.0667013897554
13736034	4	5	70.6666666666667	59.0667013897554
13736034	5	5	76.3333333333333	61.3688261550474
13736034	5	5	76.3333333333333	61.3688261550474
13736034	5	5	76.3333333333333	61.3688261550474
13736034	6	5	52.6666666666667	63.0930154597943
13736034	6	5	52.6666666666667	63.0930154597943
13736034	6	5	52.6666666666667	63.0930154597943
13736034	7	5	70.6666666666667	64.3258954750942
13736034	7	5	70.6666666666667	64.3258954750942
13736034	7	5	70.6666666666667	64.3258954750942
13736034	8	5	79.6666666666667	65.1785545164713
13736034	8	5	79.6666666666667	65.1785545164713
13736034	8	5	79.6666666666667	65.1785545164713
13736034	9	5	57.6666666666667	65.7547415400381
13736034	9	5	57.6666666666667	65.7547415400381
13736034	9	5	57.6666666666667	65.7547415400381
13736034	1	6	60.6666666666667	56.9917254693651
13736034	1	6	60.6666666666667	56.9917254693651
13736034	1	6	60.6666666666667	56.9917254693651
13736034	2	6	54	59.7326428917762
13736034	2	6	54	59.7326428917762
13736034	2	6	54	59.7326428917762
13736034	3	6	73.5	61.8771228987793
13736034	3	6	73.5	61.8771228987793
13736034	4	6	56.6666666666667	63.4615104535242
13736034	4	6	56.6666666666667	63.4615104535242
13736034	4	6	56.6666666666667	63.4615104535242
13736034	5	6	54.3333333333333	64.5832130858105
13736034	5	6	54.3333333333333	64.5832130858105
13736034	5	6	54.3333333333333	64.5832130858105
13736034	6	6	57	65.3535824917217
13736034	6	6	57	65.3535824917217
13736034	6	6	57	65.3535824917217
13736034	7	6	72	65.8716844124682
13736034	7	6	72	65.8716844124682
13736034	7	6	72	65.8716844124682
13736034	8	6	56.3333333333333	66.2152319842504
13736034	8	6	56.3333333333333	66.2152319842504
13736034	8	6	56.3333333333333	66.2152319842504
13736034	9	6	75.6666666666667	66.4409023450992
13736034	9	6	75.6666666666667	66.4409023450992
13736034	9	6	75.6666666666667	66.4409023450992
13736034	1	7	61.3333333333333	62.3461220720908
13736034	1	7	61.3333333333333	62.3461220720908
13736034	1	7	61.3333333333333	62.3461220720908
13736034	2	7	81.6666666666667	63.7977484073089
13736034	2	7	81.6666666666667	63.7977484073089
13736034	2	7	81.6666666666667	63.7977484073089
13736034	3	7	56	64.8161599498053
13736034	3	7	56	64.8161599498053
13736034	3	7	56	64.8161599498053
13736034	4	7	75.6666666666667	65.5111765722937
13736034	4	7	75.6666666666667	65.5111765722937
13736034	4	7	75.6666666666667	65.5111765722937
13736034	5	7	65.3333333333333	65.9765956571995
13736034	5	7	65.3333333333333	65.9765956571995
13736034	5	7	65.3333333333333	65.9765956571995
13736034	6	7	76.6666666666667	66.2843254419295
13736034	6	7	76.6666666666667	66.2843254419295
13736034	6	7	76.6666666666667	66.2843254419295
13736034	7	7	74	66.4860853376458
13736034	7	7	74	66.4860853376458
13736034	7	7	74	66.4860853376458
13736034	8	7	52	66.6176372040103
13736034	8	7	52	66.6176372040103
13736034	8	7	52	66.6176372040103
13736034	9	7	60	66.7031026914444
13736034	9	7	60	66.7031026914444
13736034	9	7	60	66.7031026914444
