subject	f0	VOT	Response_100	pred
5d23460ad4c57900192b129c	1	1	0	2.61181579379148
5d23460ad4c57900192b129c	1	1	0	2.61181579379148
5d23460ad4c57900192b129c	1	1	0	2.61181579379148
5d23460ad4c57900192b129c	2	1	0	2.61181580233583
5d23460ad4c57900192b129c	2	1	0	2.61181580233583
5d23460ad4c57900192b129c	2	1	0	2.61181580233583
5d23460ad4c57900192b129c	3	1	0	2.6118158377723
5d23460ad4c57900192b129c	3	1	0	2.6118158377723
5d23460ad4c57900192b129c	3	1	0	2.6118158377723
5d23460ad4c57900192b129c	4	1	33.3333333333333	2.6118159847401
5d23460ad4c57900192b129c	4	1	33.3333333333333	2.6118159847401
5d23460ad4c57900192b129c	4	1	33.3333333333333	2.6118159847401
5d23460ad4c57900192b129c	5	1	0	2.61181659426844
5d23460ad4c57900192b129c	5	1	0	2.61181659426844
5d23460ad4c57900192b129c	5	1	0	2.61181659426844
5d23460ad4c57900192b129c	6	1	0	2.6118191222016
5d23460ad4c57900192b129c	6	1	0	2.6118191222016
5d23460ad4c57900192b129c	6	1	0	2.6118191222016
5d23460ad4c57900192b129c	7	1	0	2.61182960644817
5d23460ad4c57900192b129c	7	1	0	2.61182960644817
5d23460ad4c57900192b129c	7	1	0	2.61182960644817
5d23460ad4c57900192b129c	8	1	0	2.6118730883624
5d23460ad4c57900192b129c	8	1	0	2.6118730883624
5d23460ad4c57900192b129c	8	1	0	2.6118730883624
5d23460ad4c57900192b129c	9	1	33.3333333333333	2.61205342302817
5d23460ad4c57900192b129c	9	1	33.3333333333333	2.61205342302817
5d23460ad4c57900192b129c	9	1	33.3333333333333	2.61205342302817
5d23460ad4c57900192b129c	1	2	0	2.61181602475362
5d23460ad4c57900192b129c	1	2	0	2.61181602475362
5d23460ad4c57900192b129c	1	2	0	2.61181602475362
5d23460ad4c57900192b129c	2	2	0	2.6118167602189
5d23460ad4c57900192b129c	2	2	0	2.6118167602189
5d23460ad4c57900192b129c	2	2	0	2.6118167602189
5d23460ad4c57900192b129c	3	2	0	2.61181981045782
5d23460ad4c57900192b129c	3	2	0	2.61181981045782
5d23460ad4c57900192b129c	3	2	0	2.61181981045782
5d23460ad4c57900192b129c	4	2	0	2.6118324608935
5d23460ad4c57900192b129c	4	2	0	2.6118324608935
5d23460ad4c57900192b129c	4	2	0	2.6118324608935
5d23460ad4c57900192b129c	5	2	0	2.61188492676064
5d23460ad4c57900192b129c	5	2	0	2.61188492676064
5d23460ad4c57900192b129c	5	2	0	2.61188492676064
5d23460ad4c57900192b129c	6	2	0	2.61210252089493
5d23460ad4c57900192b129c	6	2	0	2.61210252089493
5d23460ad4c57900192b129c	6	2	0	2.61210252089493
5d23460ad4c57900192b129c	7	2	0	2.61300495018687
5d23460ad4c57900192b129c	7	2	0	2.61300495018687
5d23460ad4c57900192b129c	7	2	0	2.61300495018687
5d23460ad4c57900192b129c	8	2	0	2.61674744520019
5d23460ad4c57900192b129c	8	2	0	2.61674744520019
5d23460ad4c57900192b129c	8	2	0	2.61674744520019
5d23460ad4c57900192b129c	9	2	0	2.63226541234974
5d23460ad4c57900192b129c	9	2	0	2.63226541234974
5d23460ad4c57900192b129c	9	2	0	2.63226541234974
5d23460ad4c57900192b129c	1	3	0	2.61183590510627
5d23460ad4c57900192b129c	1	3	0	2.61183590510627
5d23460ad4c57900192b129c	1	3	0	2.61183590510627
5d23460ad4c57900192b129c	2	3	0	2.61189921113053
5d23460ad4c57900192b129c	2	3	0	2.61189921113053
5d23460ad4c57900192b129c	2	3	0	2.61189921113053
5d23460ad4c57900192b129c	3	3	0	2.61216176298146
5d23460ad4c57900192b129c	3	3	0	2.61216176298146
5d23460ad4c57900192b129c	3	3	0	2.61216176298146
5d23460ad4c57900192b129c	4	3	0.333333333333333	2.61325064269195
5d23460ad4c57900192b129c	4	3	0.333333333333333	2.61325064269195
5d23460ad4c57900192b129c	4	3	0.333333333333333	2.61325064269195
5d23460ad4c57900192b129c	5	3	33.3333333333333	2.61776632171495
5d23460ad4c57900192b129c	5	3	33.3333333333333	2.61776632171495
5d23460ad4c57900192b129c	5	3	33.3333333333333	2.61776632171495
5d23460ad4c57900192b129c	6	3	0	2.63648936301433
5d23460ad4c57900192b129c	6	3	0	2.63648936301433
5d23460ad4c57900192b129c	6	3	0	2.63648936301433
5d23460ad4c57900192b129c	7	3	0	2.71405286320594
5d23460ad4c57900192b129c	7	3	0	2.71405286320594
5d23460ad4c57900192b129c	7	3	0	2.71405286320594
5d23460ad4c57900192b129c	8	3	0	3.03423569892789
5d23460ad4c57900192b129c	8	3	0	3.03423569892789
5d23460ad4c57900192b129c	8	3	0	3.03423569892789
5d23460ad4c57900192b129c	9	3	0	4.33684766011716
5d23460ad4c57900192b129c	9	3	0	4.33684766011716
5d23460ad4c57900192b129c	9	3	0	4.33684766011716
5d23460ad4c57900192b129c	1	4	0	2.61354709676536
5d23460ad4c57900192b129c	1	4	0	2.61354709676536
5d23460ad4c57900192b129c	1	4	0	2.61354709676536
5d23460ad4c57900192b129c	2	4	0	2.61899567972602
5d23460ad4c57900192b129c	2	4	0	2.61899567972602
5d23460ad4c57900192b129c	2	4	0	2.61899567972602
5d23460ad4c57900192b129c	3	4	0	2.64158548283591
5d23460ad4c57900192b129c	3	4	0	2.64158548283591
5d23460ad4c57900192b129c	3	4	0	2.64158548283591
5d23460ad4c57900192b129c	4	4	0	2.73514589831872
5d23460ad4c57900192b129c	4	4	0	2.73514589831872
5d23460ad4c57900192b129c	4	4	0	2.73514589831872
5d23460ad4c57900192b129c	5	4	0	3.12099231596063
5d23460ad4c57900192b129c	5	4	0	3.12099231596063
5d23460ad4c57900192b129c	5	4	0	3.12099231596063
5d23460ad4c57900192b129c	6	4	0	4.68459933418457
5d23460ad4c57900192b129c	6	4	0	4.68459933418457
5d23460ad4c57900192b129c	6	4	0	4.68459933418457
5d23460ad4c57900192b129c	7	4	0	10.5974519193115
5d23460ad4c57900192b129c	7	4	0	10.5974519193115
5d23460ad4c57900192b129c	7	4	0	10.5974519193115
5d23460ad4c57900192b129c	8	4	33.3333333333333	28.1916037869362
5d23460ad4c57900192b129c	8	4	33.3333333333333	28.1916037869362
5d23460ad4c57900192b129c	8	4	33.3333333333333	28.1916037869362
5d23460ad4c57900192b129c	9	4	100	57.1803458543564
5d23460ad4c57900192b129c	9	4	100	57.1803458543564
5d23460ad4c57900192b129c	9	4	100	57.1803458543564
5d23460ad4c57900192b129c	1	5	0	2.76058314032412
5d23460ad4c57900192b129c	1	5	0	2.76058314032412
5d23460ad4c57900192b129c	1	5	0	2.76058314032412
5d23460ad4c57900192b129c	2	5	0	3.22543815292721
5d23460ad4c57900192b129c	2	5	0	3.22543815292721
5d23460ad4c57900192b129c	2	5	0	3.22543815292721
5d23460ad4c57900192b129c	3	5	0.666666666666667	5.10036665780768
5d23460ad4c57900192b129c	3	5	0.666666666666667	5.10036665780768
5d23460ad4c57900192b129c	3	5	0.666666666666667	5.10036665780768
5d23460ad4c57900192b129c	4	5	0	12.064493981269
5d23460ad4c57900192b129c	4	5	0	12.064493981269
5d23460ad4c57900192b129c	4	5	0	12.064493981269
5d23460ad4c57900192b129c	5	5	0	31.6753985529123
5d23460ad4c57900192b129c	5	5	0	31.6753985529123
5d23460ad4c57900192b129c	5	5	0	31.6753985529123
5d23460ad4c57900192b129c	6	5	0	60.7659084316466
5d23460ad4c57900192b129c	6	5	0	60.7659084316466
5d23460ad4c57900192b129c	6	5	0	60.7659084316466
5d23460ad4c57900192b129c	7	5	100	79.2655770385502
5d23460ad4c57900192b129c	7	5	100	79.2655770385502
5d23460ad4c57900192b129c	7	5	100	79.2655770385502
5d23460ad4c57900192b129c	8	5	33.3333333333333	85.6335905111061
5d23460ad4c57900192b129c	8	5	33.3333333333333	85.6335905111061
5d23460ad4c57900192b129c	8	5	33.3333333333333	85.6335905111061
5d23460ad4c57900192b129c	9	5	66.6666666666667	87.3305770475589
5d23460ad4c57900192b129c	9	5	66.6666666666667	87.3305770475589
5d23460ad4c57900192b129c	9	5	66.6666666666667	87.3305770475589
5d23460ad4c57900192b129c	1	6	33.3333333333333	13.7621636519375
5d23460ad4c57900192b129c	1	6	33.3333333333333	13.7621636519375
5d23460ad4c57900192b129c	1	6	33.3333333333333	13.7621636519375
5d23460ad4c57900192b129c	2	6	33.3333333333333	35.3732576022457
5d23460ad4c57900192b129c	2	6	33.3333333333333	35.3732576022457
5d23460ad4c57900192b129c	2	6	33.3333333333333	35.3732576022457
5d23460ad4c57900192b129c	3	6	100	64.1151415500583
5d23460ad4c57900192b129c	3	6	100	64.1151415500583
5d23460ad4c57900192b129c	3	6	100	64.1151415500583
5d23460ad4c57900192b129c	4	6	100	80.6156087783119
5d23460ad4c57900192b129c	4	6	100	80.6156087783119
5d23460ad4c57900192b129c	4	6	100	80.6156087783119
5d23460ad4c57900192b129c	5	6	100	86.0105324540837
5d23460ad4c57900192b129c	5	6	100	86.0105324540837
5d23460ad4c57900192b129c	5	6	100	86.0105324540837
5d23460ad4c57900192b129c	6	6	66.6666666666667	87.4248948790983
5d23460ad4c57900192b129c	6	6	66.6666666666667	87.4248948790983
5d23460ad4c57900192b129c	6	6	66.6666666666667	87.4248948790983
5d23460ad4c57900192b129c	7	6	66.6666666666667	87.7731295359829
5d23460ad4c57900192b129c	7	6	66.6666666666667	87.7731295359829
5d23460ad4c57900192b129c	7	6	66.6666666666667	87.7731295359829
5d23460ad4c57900192b129c	8	6	100	87.8575232258301
5d23460ad4c57900192b129c	8	6	100	87.8575232258301
5d23460ad4c57900192b129c	8	6	100	87.8575232258301
5d23460ad4c57900192b129c	9	6	100	87.8778970344582
5d23460ad4c57900192b129c	9	6	100	87.8778970344582
5d23460ad4c57900192b129c	9	6	100	87.8778970344582
5d23460ad4c57900192b129c	1	7	100	81.7710390955449
5d23460ad4c57900192b129c	1	7	100	81.7710390955449
5d23460ad4c57900192b129c	1	7	100	81.7710390955449
5d23460ad4c57900192b129c	2	7	66.6666666666667	86.3255326339873
5d23460ad4c57900192b129c	2	7	66.6666666666667	86.3255326339873
5d23460ad4c57900192b129c	2	7	66.6666666666667	86.3255326339873
5d23460ad4c57900192b129c	3	7	66.6666666666667	87.5032215486555
5d23460ad4c57900192b129c	3	7	66.6666666666667	87.5032215486555
5d23460ad4c57900192b129c	3	7	66.6666666666667	87.5032215486555
5d23460ad4c57900192b129c	4	7	100	87.7921575354967
5d23460ad4c57900192b129c	4	7	100	87.7921575354967
5d23460ad4c57900192b129c	4	7	100	87.7921575354967
5d23460ad4c57900192b129c	5	7	100	87.8621195235424
5d23460ad4c57900192b129c	5	7	100	87.8621195235424
5d23460ad4c57900192b129c	5	7	100	87.8621195235424
5d23460ad4c57900192b129c	6	7	100	87.879005765603
5d23460ad4c57900192b129c	6	7	100	87.879005765603
5d23460ad4c57900192b129c	6	7	100	87.879005765603
5d23460ad4c57900192b129c	7	7	100	87.883078330979
5d23460ad4c57900192b129c	7	7	100	87.883078330979
5d23460ad4c57900192b129c	7	7	100	87.883078330979
5d23460ad4c57900192b129c	8	7	100	87.8840603549852
5d23460ad4c57900192b129c	8	7	100	87.8840603549852
5d23460ad4c57900192b129c	8	7	100	87.8840603549852
5d23460ad4c57900192b129c	9	7	100	87.8842971413051
5d23460ad4c57900192b129c	9	7	100	87.8842971413051
5d23460ad4c57900192b129c	9	7	100	87.8842971413051
5f765a3c8a6ec010370c9cc1	1	1	23	28.6957887588789
5f765a3c8a6ec010370c9cc1	1	1	23	28.6957887588789
5f765a3c8a6ec010370c9cc1	1	1	23	28.6957887588789
5f765a3c8a6ec010370c9cc1	2	1	30.6666666666667	28.7111002038971
5f765a3c8a6ec010370c9cc1	2	1	30.6666666666667	28.7111002038971
5f765a3c8a6ec010370c9cc1	2	1	30.6666666666667	28.7111002038971
5f765a3c8a6ec010370c9cc1	3	1	39	28.7305967868637
5f765a3c8a6ec010370c9cc1	3	1	39	28.7305967868637
5f765a3c8a6ec010370c9cc1	3	1	39	28.7305967868637
5f765a3c8a6ec010370c9cc1	4	1	22.3333333333333	28.755417562271
5f765a3c8a6ec010370c9cc1	4	1	22.3333333333333	28.755417562271
5f765a3c8a6ec010370c9cc1	4	1	22.3333333333333	28.755417562271
5f765a3c8a6ec010370c9cc1	5	1	36.6666666666667	28.7870085617814
5f765a3c8a6ec010370c9cc1	5	1	36.6666666666667	28.7870085617814
5f765a3c8a6ec010370c9cc1	5	1	36.6666666666667	28.7870085617814
5f765a3c8a6ec010370c9cc1	6	1	34	28.827203641135
5f765a3c8a6ec010370c9cc1	6	1	34	28.827203641135
5f765a3c8a6ec010370c9cc1	6	1	34	28.827203641135
5f765a3c8a6ec010370c9cc1	7	1	26.3333333333333	28.8783254487975
5f765a3c8a6ec010370c9cc1	7	1	26.3333333333333	28.8783254487975
5f765a3c8a6ec010370c9cc1	7	1	26.3333333333333	28.8783254487975
5f765a3c8a6ec010370c9cc1	8	1	27	28.9433107913006
5f765a3c8a6ec010370c9cc1	8	1	27	28.9433107913006
5f765a3c8a6ec010370c9cc1	8	1	27	28.9433107913006
5f765a3c8a6ec010370c9cc1	9	1	39.6666666666667	29.0258651042928
5f765a3c8a6ec010370c9cc1	9	1	39.6666666666667	29.0258651042928
5f765a3c8a6ec010370c9cc1	9	1	39.6666666666667	29.0258651042928
5f765a3c8a6ec010370c9cc1	1	2	35.6666666666667	29.0756506408673
5f765a3c8a6ec010370c9cc1	1	2	35.6666666666667	29.0756506408673
5f765a3c8a6ec010370c9cc1	1	2	35.6666666666667	29.0756506408673
5f765a3c8a6ec010370c9cc1	2	2	28	29.1937962029714
5f765a3c8a6ec010370c9cc1	2	2	28	29.1937962029714
5f765a3c8a6ec010370c9cc1	2	2	28	29.1937962029714
5f765a3c8a6ec010370c9cc1	3	2	24.6666666666667	29.343503857268
5f765a3c8a6ec010370c9cc1	3	2	24.6666666666667	29.343503857268
5f765a3c8a6ec010370c9cc1	3	2	24.6666666666667	29.343503857268
5f765a3c8a6ec010370c9cc1	4	2	26	29.5329189821808
5f765a3c8a6ec010370c9cc1	4	2	26	29.5329189821808
5f765a3c8a6ec010370c9cc1	4	2	26	29.5329189821808
5f765a3c8a6ec010370c9cc1	5	2	31	29.7721158828407
5f765a3c8a6ec010370c9cc1	5	2	31	29.7721158828407
5f765a3c8a6ec010370c9cc1	5	2	31	29.7721158828407
5f765a3c8a6ec010370c9cc1	6	2	28.6666666666667	30.0734503941213
5f765a3c8a6ec010370c9cc1	6	2	28.6666666666667	30.0734503941213
5f765a3c8a6ec010370c9cc1	6	2	28.6666666666667	30.0734503941213
5f765a3c8a6ec010370c9cc1	7	2	31	30.4519129437806
5f765a3c8a6ec010370c9cc1	7	2	31	30.4519129437806
5f765a3c8a6ec010370c9cc1	7	2	31	30.4519129437806
5f765a3c8a6ec010370c9cc1	8	2	30.6666666666667	30.9254354495878
5f765a3c8a6ec010370c9cc1	8	2	30.6666666666667	30.9254354495878
5f765a3c8a6ec010370c9cc1	8	2	30.6666666666667	30.9254354495878
5f765a3c8a6ec010370c9cc1	9	2	36.6666666666667	31.5150755098699
5f765a3c8a6ec010370c9cc1	9	2	36.6666666666667	31.5150755098699
5f765a3c8a6ec010370c9cc1	9	2	36.6666666666667	31.5150755098699
5f765a3c8a6ec010370c9cc1	1	3	33.3333333333333	31.8643979719604
5f765a3c8a6ec010370c9cc1	1	3	33.3333333333333	31.8643979719604
5f765a3c8a6ec010370c9cc1	1	3	33.3333333333333	31.8643979719604
5f765a3c8a6ec010370c9cc1	2	3	20	32.675116052007
5f765a3c8a6ec010370c9cc1	2	3	20	32.675116052007
5f765a3c8a6ec010370c9cc1	2	3	20	32.675116052007
5f765a3c8a6ec010370c9cc1	3	3	29	33.6670246356681
5f765a3c8a6ec010370c9cc1	3	3	29	33.6670246356681
5f765a3c8a6ec010370c9cc1	3	3	29	33.6670246356681
5f765a3c8a6ec010370c9cc1	4	3	28.6666666666667	34.8685854166476
5f765a3c8a6ec010370c9cc1	4	3	28.6666666666667	34.8685854166476
5f765a3c8a6ec010370c9cc1	4	3	28.6666666666667	34.8685854166476
5f765a3c8a6ec010370c9cc1	5	3	23	36.3066650287614
5f765a3c8a6ec010370c9cc1	5	3	23	36.3066650287614
5f765a3c8a6ec010370c9cc1	5	3	23	36.3066650287614
5f765a3c8a6ec010370c9cc1	6	3	29	38.0031880244085
5f765a3c8a6ec010370c9cc1	6	3	29	38.0031880244085
5f765a3c8a6ec010370c9cc1	6	3	29	38.0031880244085
5f765a3c8a6ec010370c9cc1	7	3	53	39.970895957527
5f765a3c8a6ec010370c9cc1	7	3	53	39.970895957527
5f765a3c8a6ec010370c9cc1	7	3	53	39.970895957527
5f765a3c8a6ec010370c9cc1	8	3	44.3333333333333	42.208679566215
5f765a3c8a6ec010370c9cc1	8	3	44.3333333333333	42.208679566215
5f765a3c8a6ec010370c9cc1	8	3	44.3333333333333	42.208679566215
5f765a3c8a6ec010370c9cc1	9	3	37.3333333333333	44.6973792601588
5f765a3c8a6ec010370c9cc1	9	3	37.3333333333333	44.6973792601588
5f765a3c8a6ec010370c9cc1	9	3	37.3333333333333	44.6973792601588
5f765a3c8a6ec010370c9cc1	1	4	43	46.0373116090102
5f765a3c8a6ec010370c9cc1	1	4	43	46.0373116090102
5f765a3c8a6ec010370c9cc1	1	4	43	46.0373116090102
5f765a3c8a6ec010370c9cc1	2	4	57	48.822275693064
5f765a3c8a6ec010370c9cc1	2	4	57	48.822275693064
5f765a3c8a6ec010370c9cc1	2	4	57	48.822275693064
5f765a3c8a6ec010370c9cc1	3	4	71	51.7219909242421
5f765a3c8a6ec010370c9cc1	3	4	71	51.7219909242421
5f765a3c8a6ec010370c9cc1	3	4	71	51.7219909242421
5f765a3c8a6ec010370c9cc1	4	4	47.6666666666667	54.6553077560198
5f765a3c8a6ec010370c9cc1	4	4	47.6666666666667	54.6553077560198
5f765a3c8a6ec010370c9cc1	4	4	47.6666666666667	54.6553077560198
5f765a3c8a6ec010370c9cc1	5	4	62	57.5372637837529
5f765a3c8a6ec010370c9cc1	5	4	62	57.5372637837529
5f765a3c8a6ec010370c9cc1	5	4	62	57.5372637837529
5f765a3c8a6ec010370c9cc1	6	4	75.6666666666667	60.2886988114179
5f765a3c8a6ec010370c9cc1	6	4	75.6666666666667	60.2886988114179
5f765a3c8a6ec010370c9cc1	6	4	75.6666666666667	60.2886988114179
5f765a3c8a6ec010370c9cc1	7	4	49.3333333333333	62.8445242790519
5f765a3c8a6ec010370c9cc1	7	4	49.3333333333333	62.8445242790519
5f765a3c8a6ec010370c9cc1	7	4	49.3333333333333	62.8445242790519
5f765a3c8a6ec010370c9cc1	8	4	65	65.1589245690131
5f765a3c8a6ec010370c9cc1	8	4	65	65.1589245690131
5f765a3c8a6ec010370c9cc1	8	4	65	65.1589245690131
5f765a3c8a6ec010370c9cc1	9	4	75.3333333333333	67.2068507976479
5f765a3c8a6ec010370c9cc1	9	4	75.3333333333333	67.2068507976479
5f765a3c8a6ec010370c9cc1	9	4	75.3333333333333	67.2068507976479
5f765a3c8a6ec010370c9cc1	1	5	58	68.1369438558547
5f765a3c8a6ec010370c9cc1	1	5	58	68.1369438558547
5f765a3c8a6ec010370c9cc1	1	5	58	68.1369438558547
5f765a3c8a6ec010370c9cc1	2	5	66.6666666666667	69.7775034497167
5f765a3c8a6ec010370c9cc1	2	5	66.6666666666667	69.7775034497167
5f765a3c8a6ec010370c9cc1	2	5	66.6666666666667	69.7775034497167
5f765a3c8a6ec010370c9cc1	3	5	74	71.1636341490411
5f765a3c8a6ec010370c9cc1	3	5	74	71.1636341490411
5f765a3c8a6ec010370c9cc1	3	5	74	71.1636341490411
5f765a3c8a6ec010370c9cc1	4	5	70.6666666666667	72.3186303989988
5f765a3c8a6ec010370c9cc1	4	5	70.6666666666667	72.3186303989988
5f765a3c8a6ec010370c9cc1	4	5	70.6666666666667	72.3186303989988
5f765a3c8a6ec010370c9cc1	5	5	62.3333333333333	73.2699398931824
5f765a3c8a6ec010370c9cc1	5	5	62.3333333333333	73.2699398931824
5f765a3c8a6ec010370c9cc1	5	5	62.3333333333333	73.2699398931824
5f765a3c8a6ec010370c9cc1	6	5	55	74.0460291715636
5f765a3c8a6ec010370c9cc1	6	5	55	74.0460291715636
5f765a3c8a6ec010370c9cc1	6	5	55	74.0460291715636
5f765a3c8a6ec010370c9cc1	7	5	69	74.6742492278025
5f765a3c8a6ec010370c9cc1	7	5	69	74.6742492278025
5f765a3c8a6ec010370c9cc1	7	5	69	74.6742492278025
5f765a3c8a6ec010370c9cc1	8	5	79.6666666666667	75.1795686443506
5f765a3c8a6ec010370c9cc1	8	5	79.6666666666667	75.1795686443506
5f765a3c8a6ec010370c9cc1	8	5	79.6666666666667	75.1795686443506
5f765a3c8a6ec010370c9cc1	9	5	70	75.5839676502124
5f765a3c8a6ec010370c9cc1	9	5	70	75.5839676502124
5f765a3c8a6ec010370c9cc1	9	5	70	75.5839676502124
5f765a3c8a6ec010370c9cc1	1	6	76.3333333333333	75.7558858143458
5f765a3c8a6ec010370c9cc1	1	6	76.3333333333333	75.7558858143458
5f765a3c8a6ec010370c9cc1	1	6	76.3333333333333	75.7558858143458
5f765a3c8a6ec010370c9cc1	2	6	84	76.0429568221292
5f765a3c8a6ec010370c9cc1	2	6	84	76.0429568221292
5f765a3c8a6ec010370c9cc1	2	6	84	76.0429568221292
5f765a3c8a6ec010370c9cc1	3	6	81.6666666666667	76.27070470878
5f765a3c8a6ec010370c9cc1	3	6	81.6666666666667	76.27070470878
5f765a3c8a6ec010370c9cc1	3	6	81.6666666666667	76.27070470878
5f765a3c8a6ec010370c9cc1	4	6	75.6666666666667	76.450974058936
5f765a3c8a6ec010370c9cc1	4	6	75.6666666666667	76.450974058936
5f765a3c8a6ec010370c9cc1	4	6	75.6666666666667	76.450974058936
5f765a3c8a6ec010370c9cc1	5	6	75	76.5934034779211
5f765a3c8a6ec010370c9cc1	5	6	75	76.5934034779211
5f765a3c8a6ec010370c9cc1	5	6	75	76.5934034779211
5f765a3c8a6ec010370c9cc1	6	6	81.3333333333333	76.7057742681976
5f765a3c8a6ec010370c9cc1	6	6	81.3333333333333	76.7057742681976
5f765a3c8a6ec010370c9cc1	6	6	81.3333333333333	76.7057742681976
5f765a3c8a6ec010370c9cc1	7	6	79	76.7943296016359
5f765a3c8a6ec010370c9cc1	7	6	79	76.7943296016359
5f765a3c8a6ec010370c9cc1	7	6	79	76.7943296016359
5f765a3c8a6ec010370c9cc1	8	6	79	76.864054499298
5f765a3c8a6ec010370c9cc1	8	6	79	76.864054499298
5f765a3c8a6ec010370c9cc1	8	6	79	76.864054499298
5f765a3c8a6ec010370c9cc1	9	6	76.6666666666667	76.9189144515989
5f765a3c8a6ec010370c9cc1	9	6	76.6666666666667	76.9189144515989
5f765a3c8a6ec010370c9cc1	9	6	76.6666666666667	76.9189144515989
5f765a3c8a6ec010370c9cc1	1	7	75	76.941988479058
5f765a3c8a6ec010370c9cc1	1	7	75	76.941988479058
5f765a3c8a6ec010370c9cc1	1	7	75	76.941988479058
5f765a3c8a6ec010370c9cc1	2	7	73.3333333333333	76.980193129404
5f765a3c8a6ec010370c9cc1	2	7	73.3333333333333	76.980193129404
5f765a3c8a6ec010370c9cc1	2	7	73.3333333333333	76.980193129404
5f765a3c8a6ec010370c9cc1	3	7	72.6666666666667	77.0102175507475
5f765a3c8a6ec010370c9cc1	3	7	72.6666666666667	77.0102175507475
5f765a3c8a6ec010370c9cc1	3	7	72.6666666666667	77.0102175507475
5f765a3c8a6ec010370c9cc1	4	7	79.6666666666667	77.0338061108518
5f765a3c8a6ec010370c9cc1	4	7	79.6666666666667	77.0338061108518
5f765a3c8a6ec010370c9cc1	4	7	79.6666666666667	77.0338061108518
5f765a3c8a6ec010370c9cc1	5	7	85.6666666666667	77.0523339511157
5f765a3c8a6ec010370c9cc1	5	7	85.6666666666667	77.0523339511157
5f765a3c8a6ec010370c9cc1	5	7	85.6666666666667	77.0523339511157
5f765a3c8a6ec010370c9cc1	6	7	82.6666666666667	77.0668840830323
5f765a3c8a6ec010370c9cc1	6	7	82.6666666666667	77.0668840830323
5f765a3c8a6ec010370c9cc1	6	7	82.6666666666667	77.0668840830323
5f765a3c8a6ec010370c9cc1	7	7	76.6666666666667	77.0783087952422
5f765a3c8a6ec010370c9cc1	7	7	76.6666666666667	77.0783087952422
5f765a3c8a6ec010370c9cc1	7	7	76.6666666666667	77.0783087952422
5f765a3c8a6ec010370c9cc1	8	7	80.6666666666667	77.087278404303
5f765a3c8a6ec010370c9cc1	8	7	80.6666666666667	77.087278404303
5f765a3c8a6ec010370c9cc1	8	7	80.6666666666667	77.087278404303
5f765a3c8a6ec010370c9cc1	9	7	78.6666666666667	77.094319859696
5f765a3c8a6ec010370c9cc1	9	7	78.6666666666667	77.094319859696
5f765a3c8a6ec010370c9cc1	9	7	78.6666666666667	77.094319859696
675aaec58dfc729c338a52eb	1	1	11.3333333333333	27.9572143838331
675aaec58dfc729c338a52eb	1	1	11.3333333333333	27.9572143838331
675aaec58dfc729c338a52eb	1	1	11.3333333333333	27.9572143838331
675aaec58dfc729c338a52eb	2	1	12.6666666666667	27.9975779895876
675aaec58dfc729c338a52eb	2	1	12.6666666666667	27.9975779895876
675aaec58dfc729c338a52eb	2	1	12.6666666666667	27.9975779895876
675aaec58dfc729c338a52eb	3	1	31	28.0535507362575
675aaec58dfc729c338a52eb	3	1	31	28.0535507362575
675aaec58dfc729c338a52eb	3	1	31	28.0535507362575
675aaec58dfc729c338a52eb	4	1	20.6666666666667	28.1311133610131
675aaec58dfc729c338a52eb	4	1	20.6666666666667	28.1311133610131
675aaec58dfc729c338a52eb	4	1	20.6666666666667	28.1311133610131
675aaec58dfc729c338a52eb	5	1	25.3333333333333	28.2384870252329
675aaec58dfc729c338a52eb	5	1	25.3333333333333	28.2384870252329
675aaec58dfc729c338a52eb	5	1	25.3333333333333	28.2384870252329
675aaec58dfc729c338a52eb	6	1	50	28.3869256976378
675aaec58dfc729c338a52eb	6	1	50	28.3869256976378
675aaec58dfc729c338a52eb	6	1	50	28.3869256976378
675aaec58dfc729c338a52eb	7	1	46.6666666666667	28.5917458288173
675aaec58dfc729c338a52eb	7	1	46.6666666666667	28.5917458288173
675aaec58dfc729c338a52eb	7	1	46.6666666666667	28.5917458288173
675aaec58dfc729c338a52eb	8	1	42.3333333333333	28.8736243919517
675aaec58dfc729c338a52eb	8	1	42.3333333333333	28.8736243919517
675aaec58dfc729c338a52eb	8	1	42.3333333333333	28.8736243919517
675aaec58dfc729c338a52eb	9	1	37.3333333333333	29.2601591937147
675aaec58dfc729c338a52eb	9	1	37.3333333333333	29.2601591937147
675aaec58dfc729c338a52eb	9	1	37.3333333333333	29.2601591937147
675aaec58dfc729c338a52eb	1	2	20	28.2837184852256
675aaec58dfc729c338a52eb	1	2	20	28.2837184852256
675aaec58dfc729c338a52eb	1	2	20	28.2837184852256
675aaec58dfc729c338a52eb	2	2	12.3333333333333	28.4493851714527
675aaec58dfc729c338a52eb	2	2	12.3333333333333	28.4493851714527
675aaec58dfc729c338a52eb	2	2	12.3333333333333	28.4493851714527
675aaec58dfc729c338a52eb	3	2	27	28.6777947125018
675aaec58dfc729c338a52eb	3	2	27	28.6777947125018
675aaec58dfc729c338a52eb	3	2	27	28.6777947125018
675aaec58dfc729c338a52eb	4	2	20	28.9917924104997
675aaec58dfc729c338a52eb	4	2	20	28.9917924104997
675aaec58dfc729c338a52eb	4	2	20	28.9917924104997
675aaec58dfc729c338a52eb	5	2	57	29.4217227611708
675aaec58dfc729c338a52eb	5	2	57	29.4217227611708
675aaec58dfc729c338a52eb	5	2	57	29.4217227611708
675aaec58dfc729c338a52eb	6	2	30.6666666666667	30.0071706897881
675aaec58dfc729c338a52eb	6	2	30.6666666666667	30.0071706897881
675aaec58dfc729c338a52eb	6	2	30.6666666666667	30.0071706897881
675aaec58dfc729c338a52eb	7	2	54.6666666666667	30.7984662574303
675aaec58dfc729c338a52eb	7	2	54.6666666666667	30.7984662574303
675aaec58dfc729c338a52eb	7	2	54.6666666666667	30.7984662574303
675aaec58dfc729c338a52eb	8	2	27.3333333333333	31.8572715328407
675aaec58dfc729c338a52eb	8	2	27.3333333333333	31.8572715328407
675aaec58dfc729c338a52eb	8	2	27.3333333333333	31.8572715328407
675aaec58dfc729c338a52eb	9	2	23	33.2550935445052
675aaec58dfc729c338a52eb	9	2	23	33.2550935445052
675aaec58dfc729c338a52eb	9	2	23	33.2550935445052
675aaec58dfc729c338a52eb	1	3	32.6666666666667	29.6012028098152
675aaec58dfc729c338a52eb	1	3	32.6666666666667	29.6012028098152
675aaec58dfc729c338a52eb	1	3	32.6666666666667	29.6012028098152
675aaec58dfc729c338a52eb	2	3	18	30.2504801740883
675aaec58dfc729c338a52eb	2	3	18	30.2504801740883
675aaec58dfc729c338a52eb	2	3	18	30.2504801740883
675aaec58dfc729c338a52eb	3	3	17	31.1253337684147
675aaec58dfc729c338a52eb	3	3	17	31.1253337684147
675aaec58dfc729c338a52eb	3	3	17	31.1253337684147
675aaec58dfc729c338a52eb	4	3	35.6666666666667	32.2910911635304
675aaec58dfc729c338a52eb	4	3	35.6666666666667	32.2910911635304
675aaec58dfc729c338a52eb	4	3	35.6666666666667	32.2910911635304
675aaec58dfc729c338a52eb	5	3	22	33.8216628256113
675aaec58dfc729c338a52eb	5	3	22	33.8216628256113
675aaec58dfc729c338a52eb	5	3	22	33.8216628256113
675aaec58dfc729c338a52eb	6	3	19.3333333333333	35.7926321250416
675aaec58dfc729c338a52eb	6	3	19.3333333333333	35.7926321250416
675aaec58dfc729c338a52eb	6	3	19.3333333333333	35.7926321250416
675aaec58dfc729c338a52eb	7	3	51	38.2683101824886
675aaec58dfc729c338a52eb	7	3	51	38.2683101824886
675aaec58dfc729c338a52eb	7	3	51	38.2683101824886
675aaec58dfc729c338a52eb	8	3	50.3333333333333	41.2825009073952
675aaec58dfc729c338a52eb	8	3	50.3333333333333	41.2825009073952
675aaec58dfc729c338a52eb	8	3	50.3333333333333	41.2825009073952
675aaec58dfc729c338a52eb	9	3	25	44.816120995387
675aaec58dfc729c338a52eb	9	3	25	44.816120995387
675aaec58dfc729c338a52eb	9	3	25	44.816120995387
675aaec58dfc729c338a52eb	1	4	28.3333333333333	34.4393192270446
675aaec58dfc729c338a52eb	1	4	28.3333333333333	34.4393192270446
675aaec58dfc729c338a52eb	1	4	28.3333333333333	34.4393192270446
675aaec58dfc729c338a52eb	2	4	51.3333333333333	36.5758959983514
675aaec58dfc729c338a52eb	2	4	51.3333333333333	36.5758959983514
675aaec58dfc729c338a52eb	2	4	51.3333333333333	36.5758959983514
675aaec58dfc729c338a52eb	3	4	46.3333333333333	39.2332218741378
675aaec58dfc729c338a52eb	3	4	46.3333333333333	39.2332218741378
675aaec58dfc729c338a52eb	3	4	46.3333333333333	39.2332218741378
675aaec58dfc729c338a52eb	4	4	50.6666666666667	42.4295878667038
675aaec58dfc729c338a52eb	4	4	50.6666666666667	42.4295878667038
675aaec58dfc729c338a52eb	4	4	50.6666666666667	42.4295878667038
675aaec58dfc729c338a52eb	5	4	51.3333333333333	46.1233380866369
675aaec58dfc729c338a52eb	5	4	51.3333333333333	46.1233380866369
675aaec58dfc729c338a52eb	5	4	51.3333333333333	46.1233380866369
675aaec58dfc729c338a52eb	6	4	59.3333333333333	50.1993156473477
675aaec58dfc729c338a52eb	6	4	59.3333333333333	50.1993156473477
675aaec58dfc729c338a52eb	6	4	59.3333333333333	50.1993156473477
675aaec58dfc729c338a52eb	7	4	34.6666666666667	54.4742231269468
675aaec58dfc729c338a52eb	7	4	34.6666666666667	54.4742231269468
675aaec58dfc729c338a52eb	7	4	34.6666666666667	54.4742231269468
675aaec58dfc729c338a52eb	8	4	62	58.7253435185781
675aaec58dfc729c338a52eb	8	4	62	58.7253435185781
675aaec58dfc729c338a52eb	8	4	62	58.7253435185781
675aaec58dfc729c338a52eb	9	4	75.3333333333333	62.7348150127391
675aaec58dfc729c338a52eb	9	4	75.3333333333333	62.7348150127391
675aaec58dfc729c338a52eb	9	4	75.3333333333333	62.7348150127391
675aaec58dfc729c338a52eb	1	5	40.3333333333333	47.4754271821359
675aaec58dfc729c338a52eb	1	5	40.3333333333333	47.4754271821359
675aaec58dfc729c338a52eb	1	5	40.3333333333333	47.4754271821359
675aaec58dfc729c338a52eb	2	5	53.6666666666667	51.642461532514
675aaec58dfc729c338a52eb	2	5	53.6666666666667	51.642461532514
675aaec58dfc729c338a52eb	2	5	53.6666666666667	51.642461532514
675aaec58dfc729c338a52eb	3	5	63	55.9350177252772
675aaec58dfc729c338a52eb	3	5	63	55.9350177252772
675aaec58dfc729c338a52eb	3	5	63	55.9350177252772
675aaec58dfc729c338a52eb	4	5	37.3333333333333	60.1267516751276
675aaec58dfc729c338a52eb	4	5	37.3333333333333	60.1267516751276
675aaec58dfc729c338a52eb	4	5	37.3333333333333	60.1267516751276
675aaec58dfc729c338a52eb	5	5	64.3333333333333	64.0117553404177
675aaec58dfc729c338a52eb	5	5	64.3333333333333	64.0117553404177
675aaec58dfc729c338a52eb	5	5	64.3333333333333	64.0117553404177
675aaec58dfc729c338a52eb	6	5	71.3333333333333	67.4420323687674
675aaec58dfc729c338a52eb	6	5	71.3333333333333	67.4420323687674
675aaec58dfc729c338a52eb	6	5	71.3333333333333	67.4420323687674
675aaec58dfc729c338a52eb	7	5	73	70.3435143123451
675aaec58dfc729c338a52eb	7	5	73	70.3435143123451
675aaec58dfc729c338a52eb	7	5	73	70.3435143123451
675aaec58dfc729c338a52eb	8	5	78.3333333333333	72.7099043406231
675aaec58dfc729c338a52eb	8	5	78.3333333333333	72.7099043406231
675aaec58dfc729c338a52eb	8	5	78.3333333333333	72.7099043406231
675aaec58dfc729c338a52eb	9	5	75	74.5831892513939
675aaec58dfc729c338a52eb	9	5	75	74.5831892513939
675aaec58dfc729c338a52eb	9	5	75	74.5831892513939
675aaec58dfc729c338a52eb	1	6	69.3333333333333	65.2353807369968
675aaec58dfc729c338a52eb	1	6	69.3333333333333	65.2353807369968
675aaec58dfc729c338a52eb	1	6	69.3333333333333	65.2353807369968
675aaec58dfc729c338a52eb	2	6	56.6666666666667	68.4903193622965
675aaec58dfc729c338a52eb	2	6	56.6666666666667	68.4903193622965
675aaec58dfc729c338a52eb	2	6	56.6666666666667	68.4903193622965
675aaec58dfc729c338a52eb	3	6	76.6666666666667	71.2075242645602
675aaec58dfc729c338a52eb	3	6	76.6666666666667	71.2075242645602
675aaec58dfc729c338a52eb	3	6	76.6666666666667	71.2075242645602
675aaec58dfc729c338a52eb	4	6	89	73.3996517307613
675aaec58dfc729c338a52eb	4	6	89	73.3996517307613
675aaec58dfc729c338a52eb	5	6	73.6666666666667	75.1199382373252
675aaec58dfc729c338a52eb	5	6	73.6666666666667	75.1199382373252
675aaec58dfc729c338a52eb	5	6	73.6666666666667	75.1199382373252
675aaec58dfc729c338a52eb	6	6	62	76.440881511467
675aaec58dfc729c338a52eb	6	6	62	76.440881511467
675aaec58dfc729c338a52eb	6	6	62	76.440881511467
675aaec58dfc729c338a52eb	7	6	78.3333333333333	77.4383329661874
675aaec58dfc729c338a52eb	7	6	78.3333333333333	77.4383329661874
675aaec58dfc729c338a52eb	7	6	78.3333333333333	77.4383329661874
675aaec58dfc729c338a52eb	8	6	78.3333333333333	78.1820267395912
675aaec58dfc729c338a52eb	8	6	78.3333333333333	78.1820267395912
675aaec58dfc729c338a52eb	8	6	78.3333333333333	78.1820267395912
675aaec58dfc729c338a52eb	9	6	81.6666666666667	78.7312959523729
675aaec58dfc729c338a52eb	9	6	81.6666666666667	78.7312959523729
675aaec58dfc729c338a52eb	9	6	81.6666666666667	78.7312959523729
675aaec58dfc729c338a52eb	1	7	84	75.610421748523
675aaec58dfc729c338a52eb	1	7	84	75.610421748523
675aaec58dfc729c338a52eb	1	7	84	75.610421748523
675aaec58dfc729c338a52eb	2	7	73.6666666666667	76.8129361492056
675aaec58dfc729c338a52eb	2	7	73.6666666666667	76.8129361492056
675aaec58dfc729c338a52eb	2	7	73.6666666666667	76.8129361492056
675aaec58dfc729c338a52eb	3	7	82.6666666666667	77.7166804482207
675aaec58dfc729c338a52eb	3	7	82.6666666666667	77.7166804482207
675aaec58dfc729c338a52eb	3	7	82.6666666666667	77.7166804482207
675aaec58dfc729c338a52eb	4	7	74.6666666666667	78.3881245598658
675aaec58dfc729c338a52eb	4	7	74.6666666666667	78.3881245598658
675aaec58dfc729c338a52eb	4	7	74.6666666666667	78.3881245598658
675aaec58dfc729c338a52eb	5	7	75	78.8827319586133
675aaec58dfc729c338a52eb	5	7	75	78.8827319586133
675aaec58dfc729c338a52eb	5	7	75	78.8827319586133
675aaec58dfc729c338a52eb	6	7	86.3333333333333	79.2447854531551
675aaec58dfc729c338a52eb	6	7	86.3333333333333	79.2447854531551
675aaec58dfc729c338a52eb	6	7	86.3333333333333	79.2447854531551
675aaec58dfc729c338a52eb	7	7	78	79.5085877201973
675aaec58dfc729c338a52eb	7	7	78	79.5085877201973
675aaec58dfc729c338a52eb	8	7	77.6666666666667	79.7001550744103
675aaec58dfc729c338a52eb	8	7	77.6666666666667	79.7001550744103
675aaec58dfc729c338a52eb	8	7	77.6666666666667	79.7001550744103
675aaec58dfc729c338a52eb	9	7	72.6666666666667	79.8389270384126
675aaec58dfc729c338a52eb	9	7	72.6666666666667	79.8389270384126
675aaec58dfc729c338a52eb	9	7	72.6666666666667	79.8389270384126
676d800c5499f924389756b5	1	1	0	0.67330778351682
676d800c5499f924389756b5	1	1	0	0.67330778351682
676d800c5499f924389756b5	1	1	0	0.67330778351682
676d800c5499f924389756b5	2	1	0	0.851510719469768
676d800c5499f924389756b5	2	1	0	0.851510719469768
676d800c5499f924389756b5	2	1	0	0.851510719469768
676d800c5499f924389756b5	3	1	0	1.10345920278536
676d800c5499f924389756b5	3	1	0	1.10345920278536
676d800c5499f924389756b5	3	1	0	1.10345920278536
676d800c5499f924389756b5	4	1	0	1.45902849118438
676d800c5499f924389756b5	4	1	0	1.45902849118438
676d800c5499f924389756b5	4	1	0	1.45902849118438
676d800c5499f924389756b5	5	1	0	1.95955852551934
676d800c5499f924389756b5	5	1	0	1.95955852551934
676d800c5499f924389756b5	5	1	0	1.95955852551934
676d800c5499f924389756b5	6	1	3	2.661626418634
676d800c5499f924389756b5	6	1	3	2.661626418634
676d800c5499f924389756b5	6	1	3	2.661626418634
676d800c5499f924389756b5	7	1	0	3.64144535602703
676d800c5499f924389756b5	7	1	0	3.64144535602703
676d800c5499f924389756b5	7	1	0	3.64144535602703
676d800c5499f924389756b5	8	1	8.33333333333333	4.99935217958092
676d800c5499f924389756b5	8	1	8.33333333333333	4.99935217958092
676d800c5499f924389756b5	8	1	8.33333333333333	4.99935217958092
676d800c5499f924389756b5	9	1	11.6666666666667	6.86308287936548
676d800c5499f924389756b5	9	1	11.6666666666667	6.86308287936548
676d800c5499f924389756b5	9	1	11.6666666666667	6.86308287936548
676d800c5499f924389756b5	1	2	0	1.61389371581233
676d800c5499f924389756b5	1	2	0	1.61389371581233
676d800c5499f924389756b5	1	2	0	1.61389371581233
676d800c5499f924389756b5	2	2	3.33333333333333	2.17709437709448
676d800c5499f924389756b5	2	2	3.33333333333333	2.17709437709448
676d800c5499f924389756b5	2	2	3.33333333333333	2.17709437709448
676d800c5499f924389756b5	3	2	0	2.96583781519913
676d800c5499f924389756b5	3	2	0	2.96583781519913
676d800c5499f924389756b5	3	2	0	2.96583781519913
676d800c5499f924389756b5	4	2	0	4.06423004592262
676d800c5499f924389756b5	4	2	0	4.06423004592262
676d800c5499f924389756b5	4	2	0	4.06423004592262
676d800c5499f924389756b5	5	2	0	5.58187371104602
676d800c5499f924389756b5	5	2	0	5.58187371104602
676d800c5499f924389756b5	5	2	0	5.58187371104602
676d800c5499f924389756b5	6	2	10	7.65620701781531
676d800c5499f924389756b5	6	2	10	7.65620701781531
676d800c5499f924389756b5	6	2	10	7.65620701781531
676d800c5499f924389756b5	7	2	0	10.4498504671172
676d800c5499f924389756b5	7	2	0	10.4498504671172
676d800c5499f924389756b5	7	2	0	10.4498504671172
676d800c5499f924389756b5	8	2	27	14.1383022949225
676d800c5499f924389756b5	8	2	27	14.1383022949225
676d800c5499f924389756b5	8	2	27	14.1383022949225
676d800c5499f924389756b5	9	2	34.6666666666667	18.8826112899511
676d800c5499f924389756b5	9	2	34.6666666666667	18.8826112899511
676d800c5499f924389756b5	9	2	34.6666666666667	18.8826112899511
676d800c5499f924389756b5	1	3	0	4.53731958981836
676d800c5499f924389756b5	1	3	0	4.53731958981836
676d800c5499f924389756b5	1	3	0	4.53731958981836
676d800c5499f924389756b5	2	3	0	6.23129135022173
676d800c5499f924389756b5	2	3	0	6.23129135022173
676d800c5499f924389756b5	2	3	0	6.23129135022173
676d800c5499f924389756b5	3	3	3.33333333333333	8.53593921877579
676d800c5499f924389756b5	3	3	3.33333333333333	8.53593921877579
676d800c5499f924389756b5	3	3	3.33333333333333	8.53593921877579
676d800c5499f924389756b5	4	3	20	11.6204060592218
676d800c5499f924389756b5	4	3	20	11.6204060592218
676d800c5499f924389756b5	4	3	20	11.6204060592218
676d800c5499f924389756b5	5	3	40	15.6591731143601
676d800c5499f924389756b5	5	3	40	15.6591731143601
676d800c5499f924389756b5	5	3	40	15.6591731143601
676d800c5499f924389756b5	6	3	43.3333333333333	20.7985566455801
676d800c5499f924389756b5	6	3	43.3333333333333	20.7985566455801
676d800c5499f924389756b5	6	3	43.3333333333333	20.7985566455801
676d800c5499f924389756b5	7	3	43	27.1058990868649
676d800c5499f924389756b5	7	3	43	27.1058990868649
676d800c5499f924389756b5	7	3	43	27.1058990868649
676d800c5499f924389756b5	8	3	53.3333333333333	34.5114772326027
676d800c5499f924389756b5	8	3	53.3333333333333	34.5114772326027
676d800c5499f924389756b5	8	3	53.3333333333333	34.5114772326027
676d800c5499f924389756b5	9	3	45	42.7678044319553
676d800c5499f924389756b5	9	3	45	42.7678044319553
676d800c5499f924389756b5	9	3	45	42.7678044319553
676d800c5499f924389756b5	1	4	6.66666666666667	12.9062648726736
676d800c5499f924389756b5	1	4	6.66666666666667	12.9062648726736
676d800c5499f924389756b5	1	4	6.66666666666667	12.9062648726736
676d800c5499f924389756b5	2	4	18.3333333333333	17.3134503765872
676d800c5499f924389756b5	2	4	18.3333333333333	17.3134503765872
676d800c5499f924389756b5	2	4	18.3333333333333	17.3134503765872
676d800c5499f924389756b5	3	4	3.33333333333333	22.8565718163632
676d800c5499f924389756b5	3	4	3.33333333333333	22.8565718163632
676d800c5499f924389756b5	3	4	3.33333333333333	22.8565718163632
676d800c5499f924389756b5	4	4	26.6666666666667	29.5617287088709
676d800c5499f924389756b5	4	4	26.6666666666667	29.5617287088709
676d800c5499f924389756b5	4	4	26.6666666666667	29.5617287088709
676d800c5499f924389756b5	5	4	31.6666666666667	37.3002202746683
676d800c5499f924389756b5	5	4	31.6666666666667	37.3002202746683
676d800c5499f924389756b5	5	4	31.6666666666667	37.3002202746683
676d800c5499f924389756b5	6	4	43.3333333333333	45.7614814918435
676d800c5499f924389756b5	6	4	43.3333333333333	45.7614814918435
676d800c5499f924389756b5	6	4	43.3333333333333	45.7614814918435
676d800c5499f924389756b5	7	4	48.3333333333333	54.4834951041805
676d800c5499f924389756b5	7	4	48.3333333333333	54.4834951041805
676d800c5499f924389756b5	7	4	48.3333333333333	54.4834951041805
676d800c5499f924389756b5	8	4	55	62.9447723369793
676d800c5499f924389756b5	8	4	55	62.9447723369793
676d800c5499f924389756b5	8	4	55	62.9447723369793
676d800c5499f924389756b5	9	4	63.3333333333333	70.6832923595354
676d800c5499f924389756b5	9	4	63.3333333333333	70.6832923595354
676d800c5499f924389756b5	9	4	63.3333333333333	70.6832923595354
676d800c5499f924389756b5	1	5	10	32.143842635743
676d800c5499f924389756b5	1	5	10	32.143842635743
676d800c5499f924389756b5	1	5	10	32.143842635743
676d800c5499f924389756b5	2	5	20	40.1775369909863
676d800c5499f924389756b5	2	5	20	40.1775369909863
676d800c5499f924389756b5	2	5	20	40.1775369909863
676d800c5499f924389756b5	3	5	28.6666666666667	48.7871625724173
676d800c5499f924389756b5	3	5	28.6666666666667	48.7871625724173
676d800c5499f924389756b5	3	5	28.6666666666667	48.7871625724173
676d800c5499f924389756b5	4	5	58.3333333333333	57.4771760275196
676d800c5499f924389756b5	4	5	58.3333333333333	57.4771760275196
676d800c5499f924389756b5	4	5	58.3333333333333	57.4771760275196
676d800c5499f924389756b5	5	5	46.6666666666667	65.7335241135569
676d800c5499f924389756b5	5	5	46.6666666666667	65.7335241135569
676d800c5499f924389756b5	5	5	46.6666666666667	65.7335241135569
676d800c5499f924389756b5	6	5	40	73.1391337701565
676d800c5499f924389756b5	6	5	40	73.1391337701565
676d800c5499f924389756b5	6	5	40	73.1391337701565
676d800c5499f924389756b5	7	5	73.3333333333333	79.4465125768542
676d800c5499f924389756b5	7	5	73.3333333333333	79.4465125768542
676d800c5499f924389756b5	7	5	73.3333333333333	79.4465125768542
676d800c5499f924389756b5	8	5	78.3333333333333	84.5859322198935
676d800c5499f924389756b5	8	5	78.3333333333333	84.5859322198935
676d800c5499f924389756b5	8	5	78.3333333333333	84.5859322198935
676d800c5499f924389756b5	9	5	73.3333333333333	88.6247317366802
676d800c5499f924389756b5	9	5	73.3333333333333	88.6247317366802
676d800c5499f924389756b5	9	5	73.3333333333333	88.6247317366802
676d800c5499f924389756b5	1	6	93.3333333333333	60.4176499064864
676d800c5499f924389756b5	1	6	93.3333333333333	60.4176499064864
676d800c5499f924389756b5	1	6	93.3333333333333	60.4176499064864
676d800c5499f924389756b5	2	6	100	68.4181079513035
676d800c5499f924389756b5	2	6	100	68.4181079513035
676d800c5499f924389756b5	2	6	100	68.4181079513035
676d800c5499f924389756b5	3	6	68.3333333333333	75.4609133304161
676d800c5499f924389756b5	3	6	68.3333333333333	75.4609133304161
676d800c5499f924389756b5	3	6	68.3333333333333	75.4609133304161
676d800c5499f924389756b5	4	6	100	81.3624707145375
676d800c5499f924389756b5	4	6	100	81.3624707145375
676d800c5499f924389756b5	4	6	100	81.3624707145375
676d800c5499f924389756b5	5	6	85	86.1068148415221
676d800c5499f924389756b5	5	6	85	86.1068148415221
676d800c5499f924389756b5	5	6	85	86.1068148415221
676d800c5499f924389756b5	6	6	100	89.7952974088507
676d800c5499f924389756b5	6	6	100	89.7952974088507
676d800c5499f924389756b5	6	6	100	89.7952974088507
676d800c5499f924389756b5	7	6	100	92.5889661351278
676d800c5499f924389756b5	7	6	100	92.5889661351278
676d800c5499f924389756b5	7	6	100	92.5889661351278
676d800c5499f924389756b5	8	6	100	94.6633193228653
676d800c5499f924389756b5	8	6	100	94.6633193228653
676d800c5499f924389756b5	8	6	100	94.6633193228653
676d800c5499f924389756b5	9	6	100	96.1809781339922
676d800c5499f924389756b5	9	6	100	96.1809781339922
676d800c5499f924389756b5	9	6	100	96.1809781339922
676d800c5499f924389756b5	1	7	100	83.137841675014
676d800c5499f924389756b5	1	7	100	83.137841675014
676d800c5499f924389756b5	1	7	100	83.137841675014
676d800c5499f924389756b5	2	7	95	87.4998638257842
676d800c5499f924389756b5	2	7	95	87.4998638257842
676d800c5499f924389756b5	2	7	95	87.4998638257842
676d800c5499f924389756b5	3	7	96.6666666666667	90.857854534038
676d800c5499f924389756b5	3	7	96.6666666666667	90.857854534038
676d800c5499f924389756b5	3	7	96.6666666666667	90.857854534038
676d800c5499f924389756b5	4	7	100	93.3820977631567
676d800c5499f924389756b5	4	7	100	93.3820977631567
676d800c5499f924389756b5	4	7	100	93.3820977631567
676d800c5499f924389756b5	5	7	100	95.2458466078592
676d800c5499f924389756b5	5	7	100	95.2458466078592
676d800c5499f924389756b5	5	7	100	95.2458466078592
676d800c5499f924389756b5	6	7	100	96.6037671336268
676d800c5499f924389756b5	6	7	100	96.6037671336268
676d800c5499f924389756b5	6	7	100	96.6037671336268
676d800c5499f924389756b5	7	7	100	97.5835962103848
676d800c5499f924389756b5	7	7	100	97.5835962103848
676d800c5499f924389756b5	7	7	100	97.5835962103848
676d800c5499f924389756b5	8	7	100	98.2856714987127
676d800c5499f924389756b5	8	7	100	98.2856714987127
676d800c5499f924389756b5	8	7	100	98.2856714987127
676d800c5499f924389756b5	9	7	100	98.7862068716743
676d800c5499f924389756b5	9	7	100	98.7862068716743
676d800c5499f924389756b5	9	7	100	98.7862068716743
67be05692b18b631ece5fd2e	1	1	7	3.23196198565607
67be05692b18b631ece5fd2e	1	1	7	3.23196198565607
67be05692b18b631ece5fd2e	1	1	7	3.23196198565607
67be05692b18b631ece5fd2e	2	1	0	3.3682886114869
67be05692b18b631ece5fd2e	2	1	0	3.3682886114869
67be05692b18b631ece5fd2e	2	1	0	3.3682886114869
67be05692b18b631ece5fd2e	3	1	33.3333333333333	3.5479879801112
67be05692b18b631ece5fd2e	3	1	33.3333333333333	3.5479879801112
67be05692b18b631ece5fd2e	3	1	33.3333333333333	3.5479879801112
67be05692b18b631ece5fd2e	4	1	0	3.78461150029924
67be05692b18b631ece5fd2e	4	1	0	3.78461150029924
67be05692b18b631ece5fd2e	4	1	0	3.78461150029924
67be05692b18b631ece5fd2e	5	1	2.66666666666667	4.09576227629229
67be05692b18b631ece5fd2e	5	1	2.66666666666667	4.09576227629229
67be05692b18b631ece5fd2e	5	1	2.66666666666667	4.09576227629229
67be05692b18b631ece5fd2e	6	1	0.333333333333333	4.50417304706064
67be05692b18b631ece5fd2e	6	1	0.333333333333333	4.50417304706064
67be05692b18b631ece5fd2e	6	1	0.333333333333333	4.50417304706064
67be05692b18b631ece5fd2e	7	1	0	5.03897279910523
67be05692b18b631ece5fd2e	7	1	0	5.03897279910523
67be05692b18b631ece5fd2e	7	1	0	5.03897279910523
67be05692b18b631ece5fd2e	8	1	29	5.7370990335008
67be05692b18b631ece5fd2e	8	1	29	5.7370990335008
67be05692b18b631ece5fd2e	8	1	29	5.7370990335008
67be05692b18b631ece5fd2e	9	1	8.33333333333333	6.6447390581294
67be05692b18b631ece5fd2e	9	1	8.33333333333333	6.6447390581294
67be05692b18b631ece5fd2e	9	1	8.33333333333333	6.6447390581294
67be05692b18b631ece5fd2e	1	2	2.66666666666667	4.26875291910997
67be05692b18b631ece5fd2e	1	2	2.66666666666667	4.26875291910997
67be05692b18b631ece5fd2e	1	2	2.66666666666667	4.26875291910997
67be05692b18b631ece5fd2e	2	2	0	4.73087438758976
67be05692b18b631ece5fd2e	2	2	0	4.73087438758976
67be05692b18b631ece5fd2e	2	2	0	4.73087438758976
67be05692b18b631ece5fd2e	3	2	3.66666666666667	5.33520875537585
67be05692b18b631ece5fd2e	3	2	3.66666666666667	5.33520875537585
67be05692b18b631ece5fd2e	3	2	3.66666666666667	5.33520875537585
67be05692b18b631ece5fd2e	4	2	1	6.12274728564586
67be05692b18b631ece5fd2e	4	2	1	6.12274728564586
67be05692b18b631ece5fd2e	4	2	1	6.12274728564586
67be05692b18b631ece5fd2e	5	2	1	7.14434040329219
67be05692b18b631ece5fd2e	5	2	1	7.14434040329219
67be05692b18b631ece5fd2e	5	2	1	7.14434040329219
67be05692b18b631ece5fd2e	6	2	2	8.46170669702913
67be05692b18b631ece5fd2e	6	2	2	8.46170669702913
67be05692b18b631ece5fd2e	6	2	2	8.46170669702913
67be05692b18b631ece5fd2e	7	2	0	10.1475382013102
67be05692b18b631ece5fd2e	7	2	0	10.1475382013102
67be05692b18b631ece5fd2e	7	2	0	10.1475382013102
67be05692b18b631ece5fd2e	8	2	0	12.283908196232
67be05692b18b631ece5fd2e	8	2	0	12.283908196232
67be05692b18b631ece5fd2e	8	2	0	12.283908196232
67be05692b18b631ece5fd2e	9	2	2.33333333333333	14.9579358359664
67be05692b18b631ece5fd2e	9	2	2.33333333333333	14.9579358359664
67be05692b18b631ece5fd2e	9	2	2.33333333333333	14.9579358359664
67be05692b18b631ece5fd2e	1	3	0	7.70556340043173
67be05692b18b631ece5fd2e	1	3	0	7.70556340043173
67be05692b18b631ece5fd2e	1	3	0	7.70556340043173
67be05692b18b631ece5fd2e	2	3	4.33333333333333	9.18167588626836
67be05692b18b631ece5fd2e	2	3	4.33333333333333	9.18167588626836
67be05692b18b631ece5fd2e	2	3	4.33333333333333	9.18167588626836
67be05692b18b631ece5fd2e	3	3	16.6666666666667	11.0627825052464
67be05692b18b631ece5fd2e	3	3	16.6666666666667	11.0627825052464
67be05692b18b631ece5fd2e	3	3	16.6666666666667	11.0627825052464
67be05692b18b631ece5fd2e	4	3	8	13.4340086705822
67be05692b18b631ece5fd2e	4	3	8	13.4340086705822
67be05692b18b631ece5fd2e	4	3	8	13.4340086705822
67be05692b18b631ece5fd2e	5	3	33.6666666666667	16.38231798895
67be05692b18b631ece5fd2e	5	3	33.6666666666667	16.38231798895
67be05692b18b631ece5fd2e	5	3	33.6666666666667	16.38231798895
67be05692b18b631ece5fd2e	6	3	30.3333333333333	19.9862413103789
67be05692b18b631ece5fd2e	6	3	30.3333333333333	19.9862413103789
67be05692b18b631ece5fd2e	6	3	30.3333333333333	19.9862413103789
67be05692b18b631ece5fd2e	7	3	31.3333333333333	24.3009597651326
67be05692b18b631ece5fd2e	7	3	31.3333333333333	24.3009597651326
67be05692b18b631ece5fd2e	7	3	31.3333333333333	24.3009597651326
67be05692b18b631ece5fd2e	8	3	36.6666666666667	29.3399746445138
67be05692b18b631ece5fd2e	8	3	36.6666666666667	29.3399746445138
67be05692b18b631ece5fd2e	8	3	36.6666666666667	29.3399746445138
67be05692b18b631ece5fd2e	9	3	29	35.0570090941297
67be05692b18b631ece5fd2e	9	3	29	35.0570090941297
67be05692b18b631ece5fd2e	9	3	29	35.0570090941297
67be05692b18b631ece5fd2e	1	4	0	17.9439475593993
67be05692b18b631ece5fd2e	1	4	0	17.9439475593993
67be05692b18b631ece5fd2e	1	4	0	17.9439475593993
67be05692b18b631ece5fd2e	2	4	13	21.8679313981457
67be05692b18b631ece5fd2e	2	4	13	21.8679313981457
67be05692b18b631ece5fd2e	2	4	13	21.8679313981457
67be05692b18b631ece5fd2e	3	4	33	26.5152075036794
67be05692b18b631ece5fd2e	3	4	33	26.5152075036794
67be05692b18b631ece5fd2e	3	4	33	26.5152075036794
67be05692b18b631ece5fd2e	4	4	59	31.8739865446788
67be05692b18b631ece5fd2e	4	4	59	31.8739865446788
67be05692b18b631ece5fd2e	4	4	59	31.8739865446788
67be05692b18b631ece5fd2e	5	4	60	37.8660971031488
67be05692b18b631ece5fd2e	5	4	60	37.8660971031488
67be05692b18b631ece5fd2e	5	4	60	37.8660971031488
67be05692b18b631ece5fd2e	6	4	67.6666666666667	44.3403399528465
67be05692b18b631ece5fd2e	6	4	67.6666666666667	44.3403399528465
67be05692b18b631ece5fd2e	6	4	67.6666666666667	44.3403399528465
67be05692b18b631ece5fd2e	7	4	33.3333333333333	51.0812113111106
67be05692b18b631ece5fd2e	7	4	33.3333333333333	51.0812113111106
67be05692b18b631ece5fd2e	7	4	33.3333333333333	51.0812113111106
67be05692b18b631ece5fd2e	8	4	94	57.8344370630142
67be05692b18b631ece5fd2e	8	4	94	57.8344370630142
67be05692b18b631ece5fd2e	8	4	94	57.8344370630142
67be05692b18b631ece5fd2e	9	4	60.3333333333333	64.3438914877387
67be05692b18b631ece5fd2e	9	4	60.3333333333333	64.3438914877387
67be05692b18b631ece5fd2e	9	4	60.3333333333333	64.3438914877387
67be05692b18b631ece5fd2e	1	5	33	40.7768007995781
67be05692b18b631ece5fd2e	1	5	33	40.7768007995781
67be05692b18b631ece5fd2e	1	5	33	40.7768007995781
67be05692b18b631ece5fd2e	2	5	8	47.4027384410739
67be05692b18b631ece5fd2e	2	5	8	47.4027384410739
67be05692b18b631ece5fd2e	2	5	8	47.4027384410739
67be05692b18b631ece5fd2e	3	5	74	54.181841126791
67be05692b18b631ece5fd2e	3	5	74	54.181841126791
67be05692b18b631ece5fd2e	3	5	74	54.181841126791
67be05692b18b631ece5fd2e	4	5	11.3333333333333	60.8540890435474
67be05692b18b631ece5fd2e	4	5	11.3333333333333	60.8540890435474
67be05692b18b631ece5fd2e	4	5	11.3333333333333	60.8540890435474
67be05692b18b631ece5fd2e	5	5	56.3333333333333	67.1754041326536
67be05692b18b631ece5fd2e	5	5	56.3333333333333	67.1754041326536
67be05692b18b631ece5fd2e	5	5	56.3333333333333	67.1754041326536
67be05692b18b631ece5fd2e	6	5	41.6666666666667	72.9514904567298
67be05692b18b631ece5fd2e	6	5	41.6666666666667	72.9514904567298
67be05692b18b631ece5fd2e	6	5	41.6666666666667	72.9514904567298
67be05692b18b631ece5fd2e	7	5	63.3333333333333	78.0575239257726
67be05692b18b631ece5fd2e	7	5	63.3333333333333	78.0575239257726
67be05692b18b631ece5fd2e	7	5	63.3333333333333	78.0575239257726
67be05692b18b631ece5fd2e	8	5	64.6666666666667	82.4408209646517
67be05692b18b631ece5fd2e	8	5	64.6666666666667	82.4408209646517
67be05692b18b631ece5fd2e	8	5	64.6666666666667	82.4408209646517
67be05692b18b631ece5fd2e	9	5	83	86.1099682967041
67be05692b18b631ece5fd2e	9	5	83	86.1099682967041
67be05692b18b631ece5fd2e	9	5	83	86.1099682967041
67be05692b18b631ece5fd2e	1	6	99.3333333333333	69.8920513339657
67be05692b18b631ece5fd2e	1	6	99.3333333333333	69.8920513339657
67be05692b18b631ece5fd2e	1	6	99.3333333333333	69.8920513339657
67be05692b18b631ece5fd2e	2	6	94	75.3729335907844
67be05692b18b631ece5fd2e	2	6	94	75.3729335907844
67be05692b18b631ece5fd2e	2	6	94	75.3729335907844
67be05692b18b631ece5fd2e	3	6	86	80.1511452704877
67be05692b18b631ece5fd2e	3	6	86	80.1511452704877
67be05692b18b631ece5fd2e	3	6	86	80.1511452704877
67be05692b18b631ece5fd2e	4	6	78.3333333333333	84.2039335840656
67be05692b18b631ece5fd2e	4	6	78.3333333333333	84.2039335840656
67be05692b18b631ece5fd2e	4	6	78.3333333333333	84.2039335840656
67be05692b18b631ece5fd2e	5	6	99.3333333333333	87.5621275287854
67be05692b18b631ece5fd2e	5	6	99.3333333333333	87.5621275287854
67be05692b18b631ece5fd2e	5	6	99.3333333333333	87.5621275287854
67be05692b18b631ece5fd2e	6	6	100	90.29136626573
67be05692b18b631ece5fd2e	6	6	100	90.29136626573
67be05692b18b631ece5fd2e	6	6	100	90.29136626573
67be05692b18b631ece5fd2e	7	6	99.6666666666667	92.4747248334671
67be05692b18b631ece5fd2e	7	6	99.6666666666667	92.4747248334671
67be05692b18b631ece5fd2e	7	6	99.6666666666667	92.4747248334671
67be05692b18b631ece5fd2e	8	6	98	94.1994436055239
67be05692b18b631ece5fd2e	8	6	98	94.1994436055239
67be05692b18b631ece5fd2e	8	6	98	94.1994436055239
67be05692b18b631ece5fd2e	9	6	100	95.548309465594
67be05692b18b631ece5fd2e	9	6	100	95.548309465594
67be05692b18b631ece5fd2e	9	6	100	95.548309465594
67be05692b18b631ece5fd2e	1	7	100	88.8826898875551
67be05692b18b631ece5fd2e	1	7	100	88.8826898875551
67be05692b18b631ece5fd2e	1	7	100	88.8826898875551
67be05692b18b631ece5fd2e	2	7	99.3333333333333	91.3516412556921
67be05692b18b631ece5fd2e	2	7	99.3333333333333	91.3516412556921
67be05692b18b631ece5fd2e	2	7	99.3333333333333	91.3516412556921
67be05692b18b631ece5fd2e	3	7	86.6666666666667	93.3146890666536
67be05692b18b631ece5fd2e	3	7	86.6666666666667	93.3146890666536
67be05692b18b631ece5fd2e	3	7	86.6666666666667	93.3146890666536
67be05692b18b631ece5fd2e	4	7	98.3333333333333	94.8578448325969
67be05692b18b631ece5fd2e	4	7	98.3333333333333	94.8578448325969
67be05692b18b631ece5fd2e	4	7	98.3333333333333	94.8578448325969
67be05692b18b631ece5fd2e	5	7	99.6666666666667	96.060112113239
67be05692b18b631ece5fd2e	5	7	99.6666666666667	96.060112113239
67be05692b18b631ece5fd2e	5	7	99.6666666666667	96.060112113239
67be05692b18b631ece5fd2e	6	7	99.6666666666667	96.9902781204763
67be05692b18b631ece5fd2e	6	7	99.6666666666667	96.9902781204763
67be05692b18b631ece5fd2e	6	7	99.6666666666667	96.9902781204763
67be05692b18b631ece5fd2e	7	7	100	97.7060463160695
67be05692b18b631ece5fd2e	7	7	100	97.7060463160695
67be05692b18b631ece5fd2e	7	7	100	97.7060463160695
67be05692b18b631ece5fd2e	8	7	100	98.2545465133016
67be05692b18b631ece5fd2e	8	7	100	98.2545465133016
67be05692b18b631ece5fd2e	8	7	100	98.2545465133016
67be05692b18b631ece5fd2e	9	7	83	98.6735285165988
67be05692b18b631ece5fd2e	9	7	83	98.6735285165988
67be05692b18b631ece5fd2e	9	7	83	98.6735285165988
